#   index    LocalEnergy         LocalEnergy_sq      LocalPotential      Kinetic             ElecElec            Coulomb             BlockWeight         BlockCPU            AcceptRatio         
         0   -2.8301800795e+00    8.1591281804e+00   -6.5577641910e+00    3.7275841115e+00    1.1431408280e+00   -7.7009050190e+00    1.6000000000e+04    6.2709142931e-02    8.6856250000e-01
         1   -2.8213484221e+00    8.1107699786e+00   -6.5280915415e+00    3.7067431194e+00    1.1549218049e+00   -7.6830133464e+00    1.6000000000e+04    6.2488426031e-02    8.7234375000e-01
         2   -2.8480229266e+00    8.2600062525e+00   -6.5326596429e+00    3.6846367164e+00    1.1210361918e+00   -7.6536958348e+00    1.6000000000e+04    6.2401341319e-02    8.7446875000e-01
         3   -2.8528456957e+00    8.2893464379e+00   -6.4716049292e+00    3.6187592335e+00    1.1064917889e+00   -7.5780967181e+00    1.6000000000e+04    6.5072725756e-02    8.7171875000e-01
         4   -2.8293058068e+00    8.1583107247e+00   -6.5954687389e+00    3.7661629321e+00    1.1427747268e+00   -7.7382434657e+00    1.6000000000e+04    6.2602684725e-02    8.6659375000e-01
         5   -2.8421825342e+00    8.2329269737e+00   -6.3927285366e+00    3.5505460024e+00    1.1310038832e+00   -7.5237324197e+00    1.6000000000e+04    6.2446236463e-02    8.7100000000e-01
         6   -2.8365673717e+00    8.1983726481e+00   -6.4673050779e+00    3.6307377062e+00    1.1336793989e+00   -7.6009844769e+00    1.6000000000e+04    6.2169137388e-02    8.7193750000e-01
         7   -2.8468452528e+00    8.2520663937e+00   -6.3278889223e+00    3.4810436695e+00    1.1158886892e+00   -7.4437776115e+00    1.6000000000e+04    6.2341519425e-02    8.7575000000e-01
         8   -2.8373249459e+00    8.2020450242e+00   -6.3670974392e+00    3.5297724933e+00    1.1366332946e+00   -7.5037307339e+00    1.6000000000e+04    6.2343460538e-02    8.7193750000e-01
         9   -2.8298938886e+00    8.1584173957e+00   -6.5496009730e+00    3.7197070844e+00    1.1507731539e+00   -7.7003741270e+00    1.6000000000e+04    6.3679250700e-02    8.7059375000e-01
        10   -2.8472376417e+00    8.2593309763e+00   -6.4105765307e+00    3.5633388890e+00    1.1234758736e+00   -7.5340524043e+00    1.6000000000e+04    6.3044772100e-02    8.7081250000e-01
        11   -2.8257344193e+00    8.1358986201e+00   -6.5200935594e+00    3.6943591401e+00    1.1550041395e+00   -7.6750976989e+00    1.6000000000e+04    6.2632197238e-02    8.7143750000e-01
        12   -2.8403349156e+00    8.2149761475e+00   -6.4329072310e+00    3.5925723153e+00    1.1243060977e+00   -7.5572133286e+00    1.6000000000e+04    6.2554046713e-02    8.7125000000e-01
        13   -2.8473140892e+00    8.2551634217e+00   -6.4171111381e+00    3.5697970488e+00    1.1192232092e+00   -7.5363343472e+00    1.6000000000e+04    6.1934763031e-02    8.7168750000e-01
        14   -2.8306553019e+00    8.1652193905e+00   -6.5335888398e+00    3.7029335379e+00    1.1500162481e+00   -7.6836050879e+00    1.6000000000e+04    6.2068422131e-02    8.6846875000e-01
        15   -2.8436200677e+00    8.2388434271e+00   -6.3889062314e+00    3.5452861637e+00    1.1268699285e+00   -7.5157761599e+00    1.6000000000e+04    6.2557285631e-02    8.7268750000e-01
        16   -2.8379043946e+00    8.1973590860e+00   -6.4421234317e+00    3.6042190371e+00    1.1376082019e+00   -7.5797316336e+00    1.6000000000e+04    6.2001161306e-02    8.7446875000e-01
        17   -2.8453974185e+00    8.2475738748e+00   -6.4464010665e+00    3.6010036480e+00    1.1232112547e+00   -7.5696123212e+00    1.6000000000e+04    6.2525477550e-02    8.7071875000e-01
        18   -2.8334773315e+00    8.1849010576e+00   -6.6187206339e+00    3.7852433024e+00    1.1379392606e+00   -7.7566598945e+00    1.6000000000e+04    6.2430472019e-02    8.6871875000e-01
        19   -2.8381743942e+00    8.2058261819e+00   -6.4386095725e+00    3.6004351782e+00    1.1422012185e+00   -7.5808107910e+00    1.6000000000e+04    6.2958779525e-02    8.7334375000e-01
        20   -2.8379456642e+00    8.2058213676e+00   -6.4983854297e+00    3.6604397655e+00    1.1275201306e+00   -7.6259055603e+00    1.6000000000e+04    6.2523902475e-02    8.6821875000e-01
        21   -2.8345025234e+00    8.1856169472e+00   -6.6107355307e+00    3.7762330073e+00    1.1363937556e+00   -7.7471292862e+00    1.6000000000e+04    6.2173480069e-02    8.6846875000e-01
        22   -2.8323552533e+00    8.1753412235e+00   -6.5731105480e+00    3.7407552947e+00    1.1366253548e+00   -7.7097359027e+00    1.6000000000e+04    6.2194389131e-02    8.6975000000e-01
        23   -2.8421041019e+00    8.2300995261e+00   -6.3722059519e+00    3.5301018500e+00    1.1304861861e+00   -7.5026921380e+00    1.6000000000e+04    6.2010793544e-02    8.7234375000e-01
        24   -2.8221296646e+00    8.1217371767e+00   -6.7903220708e+00    3.9681924062e+00    1.1542191323e+00   -7.9445412031e+00    1.6000000000e+04    6.1851631475e-02    8.6675000000e-01
        25   -2.8266616713e+00    8.1453523747e+00   -6.5098486729e+00    3.6831870016e+00    1.1649105778e+00   -7.6747592508e+00    1.6000000000e+04    6.2289021719e-02    8.7403125000e-01
        26   -2.8495278209e+00    8.2692276384e+00   -6.3627283615e+00    3.5132005406e+00    1.1157489768e+00   -7.4784773383e+00    1.6000000000e+04    6.2462026681e-02    8.6965625000e-01
        27   -2.8400933318e+00    8.2157132624e+00   -6.5312774192e+00    3.6911840874e+00    1.1265914991e+00   -7.6578689183e+00    1.6000000000e+04    6.2565500000e-02    8.7087500000e-01
        28   -2.8286120761e+00    8.1511148667e+00   -6.5350481181e+00    3.7064360421e+00    1.1397933322e+00   -7.6748414504e+00    1.6000000000e+04    6.2328452663e-02    8.7096875000e-01
        29   -2.8271257339e+00    8.1461107325e+00   -6.5833485859e+00    3.7562228519e+00    1.1557093290e+00   -7.7390579148e+00    1.6000000000e+04    6.2694312694e-02    8.6987500000e-01
        30   -2.8324644424e+00    8.1742350458e+00   -6.5656848858e+00    3.7332204434e+00    1.1432106696e+00   -7.7088955554e+00    1.6000000000e+04    6.1970297100e-02    8.6912500000e-01
        31   -2.8299904593e+00    8.1588171371e+00   -6.4617839455e+00    3.6317934861e+00    1.1417496324e+00   -7.6035335778e+00    1.6000000000e+04    6.2531019331e-02    8.6981250000e-01
        32   -2.8401016128e+00    8.2187439933e+00   -6.5791297852e+00    3.7390281724e+00    1.1267742510e+00   -7.7059040362e+00    1.6000000000e+04    6.1823004388e-02    8.7050000000e-01
        33   -2.8394045567e+00    8.2136451170e+00   -6.3905732514e+00    3.5511686946e+00    1.1298819385e+00   -7.5204551898e+00    1.6000000000e+04    6.2031262913e-02    8.7128125000e-01
        34   -2.8305626403e+00    8.1650371191e+00   -6.4988814200e+00    3.6683187797e+00    1.1450327645e+00   -7.6439141845e+00    1.6000000000e+04    6.2470498525e-02    8.7050000000e-01
        35   -2.8302798477e+00    8.1583938779e+00   -6.6469785647e+00    3.8166987170e+00    1.1457488388e+00   -7.7927274035e+00    1.6000000000e+04    6.2253690069e-02    8.6915625000e-01
        36   -2.8411868976e+00    8.2279089467e+00   -6.4695923420e+00    3.6284054445e+00    1.1341823812e+00   -7.6037747232e+00    1.6000000000e+04    6.2013430656e-02    8.7103125000e-01
        37   -2.8152815255e+00    8.0815020476e+00   -6.4137879941e+00    3.5985064686e+00    1.1681690902e+00   -7.5819570843e+00    1.6000000000e+04    6.2461385300e-02    8.7356250000e-01
        38   -2.8410835844e+00    8.2230073141e+00   -6.5136032902e+00    3.6725197058e+00    1.1200539452e+00   -7.6336572354e+00    1.6000000000e+04    6.2190251881e-02    8.7100000000e-01
        39   -2.8436922717e+00    8.2417421538e+00   -6.5032595300e+00    3.6595672583e+00    1.1311482762e+00   -7.6344078061e+00    1.6000000000e+04    6.2915723619e-02    8.7181250000e-01
        40   -2.8373026954e+00    8.2099794889e+00   -6.4881350789e+00    3.6508323834e+00    1.1417810090e+00   -7.6299160878e+00    1.6000000000e+04    6.2167932000e-02    8.7231250000e-01
        41   -2.8395481955e+00    8.2131702457e+00   -6.5599229538e+00    3.7203747583e+00    1.1335790269e+00   -7.6935019807e+00    1.6000000000e+04    6.2194890331e-02    8.7106250000e-01
        42   -2.8259406430e+00    8.1399677284e+00   -6.5355188523e+00    3.7095782094e+00    1.1615823143e+00   -7.6971011666e+00    1.6000000000e+04    6.2245624663e-02    8.7306250000e-01
        43   -2.8343412355e+00    8.1867013934e+00   -6.4627472627e+00    3.6284060272e+00    1.1363070868e+00   -7.5990543495e+00    1.6000000000e+04    6.2124607919e-02    8.7296875000e-01
        44   -2.8330303377e+00    8.1816769623e+00   -6.5329417850e+00    3.6999114473e+00    1.1374848464e+00   -7.6704266314e+00    1.6000000000e+04    6.2483299775e-02    8.6584375000e-01
        45   -2.8472075487e+00    8.2597502479e+00   -6.4121921903e+00    3.5649846416e+00    1.1284370322e+00   -7.5406292225e+00    1.6000000000e+04    6.1998278856e-02    8.7356250000e-01
        46   -2.8388854536e+00    8.2049173244e+00   -6.5201623599e+00    3.6812769062e+00    1.1257676877e+00   -7.6459300475e+00    1.6000000000e+04    6.2043277294e-02    8.6981250000e-01
        47   -2.8253710819e+00    8.1380322194e+00   -6.5180198097e+00    3.6926487279e+00    1.1502659466e+00   -7.6682857563e+00    1.6000000000e+04    6.2342176894e-02    8.7337500000e-01
        48   -2.8281733745e+00    8.1506660837e+00   -6.6277122859e+00    3.7995389113e+00    1.1540894363e+00   -7.7818017222e+00    1.6000000000e+04    6.2211329019e-02    8.6846875000e-01
        49   -2.8292352512e+00    8.1643198671e+00   -6.6747596678e+00    3.8455244166e+00    1.1493960530e+00   -7.8241557208e+00    1.6000000000e+04    6.3015887256e-02    8.7150000000e-01
        50   -2.8426417358e+00    8.2282857995e+00   -6.4676258044e+00    3.6249840686e+00    1.1212600725e+00   -7.5888858770e+00    1.6000000000e+04    6.2852481700e-02    8.7284375000e-01
        51   -2.8400123773e+00    8.2193934082e+00   -6.5246412012e+00    3.6846288240e+00    1.1314326675e+00   -7.6560738687e+00    1.6000000000e+04    6.2525884950e-02    8.7128125000e-01
        52   -2.8330267297e+00    8.1785675379e+00   -6.5119528152e+00    3.6789260854e+00    1.1369589021e+00   -7.6489117172e+00    1.6000000000e+04    6.2141943619e-02    8.6912500000e-01
        53   -2.8122516879e+00    8.0621899419e+00   -6.6225491727e+00    3.8102974848e+00    1.1672640586e+00   -7.7898132314e+00    1.6000000000e+04    6.1850761269e-02    8.6496875000e-01
        54   -2.8435063996e+00    8.2409139123e+00   -6.6008877486e+00    3.7573813490e+00    1.1228967140e+00   -7.7237844626e+00    1.6000000000e+04    6.2177422931e-02    8.6884375000e-01
        55   -2.8328925885e+00    8.1736762839e+00   -6.6072777765e+00    3.7743851880e+00    1.1322964380e+00   -7.7395742146e+00    1.6000000000e+04    6.2278074019e-02    8.7325000000e-01
        56   -2.8461435333e+00    8.2505507349e+00   -6.3999414447e+00    3.5537979114e+00    1.1178215348e+00   -7.5177629795e+00    1.6000000000e+04    6.2349831194e-02    8.7396875000e-01
        57   -2.8371573321e+00    8.1968780367e+00   -6.5116743003e+00    3.6745169681e+00    1.1353979738e+00   -7.6470722740e+00    1.6000000000e+04    6.2181405219e-02    8.7193750000e-01
        58   -2.8532625420e+00    8.2911645246e+00   -6.3288199644e+00    3.4755574224e+00    1.1069982920e+00   -7.4358182563e+00    1.6000000000e+04    6.2549135500e-02    8.7171875000e-01
        59   -2.8480790694e+00    8.2623702902e+00   -6.4495816141e+00    3.6015025446e+00    1.1192658086e+00   -7.5688474227e+00    1.6000000000e+04    6.3141487313e-02    8.7403125000e-01
        60   -2.8226599563e+00    8.1300524768e+00   -6.6025308731e+00    3.7798709168e+00    1.1594975198e+00   -7.7620283929e+00    1.6000000000e+04    6.2322283344e-02    8.7025000000e-01
        61   -2.8406518350e+00    8.2275014929e+00   -6.6798199207e+00    3.8391680858e+00    1.1276756340e+00   -7.8074955548e+00    1.6000000000e+04    6.1882173606e-02    8.6959375000e-01
        62   -2.8272376132e+00    8.1462417497e+00   -6.5701590670e+00    3.7429214538e+00    1.1592219136e+00   -7.7293809806e+00    1.6000000000e+04    6.2025973413e-02    8.7059375000e-01
        63   -2.8326705006e+00    8.1782206482e+00   -6.7040611491e+00    3.8713906485e+00    1.1259146272e+00   -7.8299757763e+00    1.6000000000e+04    6.2145656638e-02    8.6540625000e-01
        64   -2.8356930977e+00    8.1898642786e+00   -6.4704941034e+00    3.6348010056e+00    1.1188060927e+00   -7.5893001961e+00    1.6000000000e+04    6.2130228581e-02    8.6990625000e-01
        65   -2.8386093235e+00    8.2059934432e+00   -6.5172594003e+00    3.6786500768e+00    1.1224289253e+00   -7.6396883256e+00    1.6000000000e+04    6.1934489763e-02    8.6953125000e-01
        66   -2.8244437088e+00    8.1315342729e+00   -6.5469934264e+00    3.7225497176e+00    1.1522352895e+00   -7.6992287159e+00    1.6000000000e+04    6.1874048638e-02    8.6950000000e-01
        67   -2.8353394293e+00    8.1887549300e+00   -6.3872427182e+00    3.5519032888e+00    1.1294729978e+00   -7.5167157159e+00    1.6000000000e+04    6.2241135563e-02    8.7487500000e-01
        68   -2.8461859246e+00    8.2543755495e+00   -6.3730368887e+00    3.5268509641e+00    1.1170743263e+00   -7.4901112150e+00    1.6000000000e+04    6.1932250369e-02    8.7009375000e-01
        69   -2.8365271283e+00    8.1926617598e+00   -6.4909424460e+00    3.6544153177e+00    1.1252784781e+00   -7.6162209242e+00    1.6000000000e+04    6.2848799200e-02    8.7162500000e-01
        70   -2.8330906800e+00    8.1805480122e+00   -6.5311695104e+00    3.6980788304e+00    1.1350473748e+00   -7.6662168851e+00    1.6000000000e+04    6.2288901706e-02    8.7012500000e-01
        71   -2.8298171882e+00    8.1602686771e+00   -6.5409910506e+00    3.7111738624e+00    1.1463977833e+00   -7.6873888340e+00    1.6000000000e+04    6.2411061444e-02    8.7240625000e-01
        72   -2.8214836481e+00    8.1115085980e+00   -6.4985925157e+00    3.6771088676e+00    1.1577772142e+00   -7.6563697299e+00    1.6000000000e+04    6.2551103819e-02    8.7359375000e-01
        73   -2.8403782126e+00    8.2208665292e+00   -6.5168712820e+00    3.6764930694e+00    1.1272327194e+00   -7.6441040014e+00    1.6000000000e+04    6.1913168075e-02    8.6734375000e-01
        74   -2.8260550848e+00    8.1387952033e+00   -6.5538356784e+00    3.7277805936e+00    1.1460856271e+00   -7.6999213055e+00    1.6000000000e+04    6.2362583906e-02    8.6996875000e-01
        75   -2.8536932435e+00    8.2919834811e+00   -6.4844214995e+00    3.6307282560e+00    1.1118940477e+00   -7.5963155473e+00    1.6000000000e+04    6.2929166031e-02    8.7675000000e-01
        76   -2.8308648841e+00    8.1649094460e+00   -6.4456551433e+00    3.6147902591e+00    1.1447119467e+00   -7.5903670899e+00    1.6000000000e+04    6.2234052450e-02    8.7178125000e-01
        77   -2.8367022566e+00    8.2053258644e+00   -6.4599121704e+00    3.6232099138e+00    1.1309047294e+00   -7.5908168997e+00    1.6000000000e+04    6.2457653363e-02    8.7240625000e-01
        78   -2.8307619976e+00    8.1707733832e+00   -6.5527564750e+00    3.7219944774e+00    1.1466599295e+00   -7.6994164045e+00    1.6000000000e+04    6.2256337994e-02    8.6806250000e-01
        79   -2.8350557192e+00    8.1959548877e+00   -6.4334856997e+00    3.5984299805e+00    1.1447426822e+00   -7.5782283819e+00    1.6000000000e+04    6.2840164313e-02    8.7115625000e-01
        80   -2.8414258572e+00    8.2191213140e+00   -6.4968642833e+00    3.6554384261e+00    1.1200284542e+00   -7.6168927375e+00    1.6000000000e+04    6.2812762731e-02    8.7128125000e-01
        81   -2.8270244243e+00    8.1429594241e+00   -6.5737437904e+00    3.7467193660e+00    1.1491596043e+00   -7.7229033947e+00    1.6000000000e+04    6.2987511044e-02    8.6918750000e-01
        82   -2.8514021582e+00    8.2805782002e+00   -6.4683488259e+00    3.6169466677e+00    1.1138491818e+00   -7.5821980077e+00    1.6000000000e+04    6.2564641256e-02    8.7087500000e-01
        83   -2.8343327562e+00    8.1919544930e+00   -6.5009971996e+00    3.6666644434e+00    1.1432353672e+00   -7.6442325667e+00    1.6000000000e+04    6.2578230300e-02    8.7284375000e-01
        84   -2.8124363686e+00    8.0625142534e+00   -6.7042137305e+00    3.8917773619e+00    1.1614747174e+00   -7.8656884479e+00    1.6000000000e+04    6.2149852700e-02    8.6487500000e-01
        85   -2.8291463452e+00    8.1583647557e+00   -6.4559591078e+00    3.6268127626e+00    1.1523786138e+00   -7.6083377216e+00    1.6000000000e+04    6.2513730531e-02    8.6984375000e-01
        86   -2.8404910137e+00    8.2249915559e+00   -6.4900102183e+00    3.6495192045e+00    1.1352711027e+00   -7.6252813210e+00    1.6000000000e+04    6.2455953619e-02    8.6865625000e-01
        87   -2.8383862408e+00    8.2056002391e+00   -6.4760624597e+00    3.6376762188e+00    1.1312362662e+00   -7.6072987259e+00    1.6000000000e+04    6.2756958506e-02    8.7031250000e-01
        88   -2.8534091579e+00    8.3011534069e+00   -6.5340491857e+00    3.6806400277e+00    1.1183401105e+00   -7.6523892962e+00    1.6000000000e+04    6.2492194506e-02    8.6690625000e-01
        89   -2.8460385574e+00    8.2535973534e+00   -6.3454414652e+00    3.4994029078e+00    1.1249551889e+00   -7.4703966540e+00    1.6000000000e+04    6.3168780644e-02    8.7040625000e-01
        90   -2.8439785028e+00    8.2419987509e+00   -6.3522641719e+00    3.5082856692e+00    1.1354192483e+00   -7.4876834202e+00    1.6000000000e+04    6.2030382181e-02    8.7218750000e-01
        91   -2.8353799243e+00    8.1932121980e+00   -6.4245404818e+00    3.5891605574e+00    1.1325657247e+00   -7.5571062065e+00    1.6000000000e+04    6.2656209750e-02    8.7353125000e-01
        92   -2.8402070091e+00    8.2149390753e+00   -6.4617378329e+00    3.6215308238e+00    1.1277123363e+00   -7.5894501692e+00    1.6000000000e+04    6.2365099538e-02    8.6921875000e-01
        93   -2.8389566019e+00    8.2184611576e+00   -6.4953104976e+00    3.6563538957e+00    1.1281488890e+00   -7.6234593866e+00    1.6000000000e+04    6.2185517844e-02    8.7246875000e-01
        94   -2.8367602217e+00    8.1991483346e+00   -6.5192058797e+00    3.6824456579e+00    1.1257034472e+00   -7.6449093268e+00    1.6000000000e+04    6.2574389194e-02    8.7546875000e-01
        95   -2.8357689692e+00    8.1968732749e+00   -6.5485556317e+00    3.7127866625e+00    1.1390288056e+00   -7.6875844373e+00    1.6000000000e+04    6.2300518631e-02    8.7100000000e-01
        96   -2.8210438542e+00    8.1092763067e+00   -6.6076031253e+00    3.7865592712e+00    1.1562284315e+00   -7.7638315568e+00    1.6000000000e+04    6.2007546869e-02    8.7056250000e-01
        97   -2.8470978748e+00    8.2573332960e+00   -6.4815103877e+00    3.6344125129e+00    1.1269412467e+00   -7.6084516344e+00    1.6000000000e+04    6.2060720450e-02    8.7040625000e-01
        98   -2.8261333827e+00    8.1443942350e+00   -6.5745474126e+00    3.7484140299e+00    1.1509809979e+00   -7.7255284105e+00    1.6000000000e+04    6.2248471631e-02    8.6759375000e-01
        99   -2.8375539326e+00    8.2024203950e+00   -6.5087150552e+00    3.6711611226e+00    1.1270944688e+00   -7.6358095239e+00    1.6000000000e+04    6.3478717063e-02    8.7103125000e-01
       100   -2.8230801723e+00    8.1222248362e+00   -6.5926947492e+00    3.7696145769e+00    1.1549717026e+00   -7.7476664518e+00    1.6000000000e+04    6.2069142125e-02    8.6615625000e-01
       101   -2.8512555590e+00    8.2780817012e+00   -6.3270900504e+00    3.4758344914e+00    1.1121866843e+00   -7.4392767347e+00    1.6000000000e+04    6.2390926081e-02    8.7396875000e-01
       102   -2.8352174025e+00    8.1864402932e+00   -6.4437636353e+00    3.6085462328e+00    1.1380962420e+00   -7.5818598773e+00    1.6000000000e+04    6.2738899825e-02    8.7175000000e-01
       103   -2.8316758803e+00    8.1755959749e+00   -6.6846579347e+00    3.8529820544e+00    1.1574534697e+00   -7.8421114045e+00    1.6000000000e+04    6.2787211463e-02    8.7090625000e-01
       104   -2.8267361153e+00    8.1412188795e+00   -6.5747286862e+00    3.7479925709e+00    1.1476740139e+00   -7.7224027001e+00    1.6000000000e+04    6.2668985988e-02    8.6875000000e-01
       105   -2.8326397305e+00    8.1770385897e+00   -6.5076047101e+00    3.6749649796e+00    1.1449717172e+00   -7.6525764273e+00    1.6000000000e+04    6.2579369344e-02    8.6675000000e-01
       106   -2.8472403573e+00    8.2596284384e+00   -6.3700098661e+00    3.5227695089e+00    1.1257780675e+00   -7.4957879337e+00    1.6000000000e+04    6.2582585294e-02    8.7293750000e-01
       107   -2.8327645645e+00    8.1768178498e+00   -6.3871880555e+00    3.5544234910e+00    1.1521416913e+00   -7.5393297469e+00    1.6000000000e+04    6.2302562150e-02    8.7321875000e-01
       108   -2.8412307355e+00    8.2187532819e+00   -6.4723168323e+00    3.6310860967e+00    1.1223793407e+00   -7.5946961730e+00    1.6000000000e+04    6.2318320000e-02    8.7337500000e-01
       109   -2.8236554152e+00    8.1252818041e+00   -6.7218529273e+00    3.8981975121e+00    1.1593753742e+00   -7.8812283016e+00    1.6000000000e+04    6.3332136000e-02    8.6909375000e-01
       110   -2.8225454222e+00    8.1156373208e+00   -6.5611338592e+00    3.7385884369e+00    1.1576184822e+00   -7.7187523413e+00    1.6000000000e+04    6.2665682831e-02    8.6928125000e-01
       111   -2.8116322939e+00    8.0588860720e+00   -6.5572556382e+00    3.7456233444e+00    1.1616501598e+00   -7.7189057981e+00    1.6000000000e+04    6.2735965106e-02    8.6693750000e-01
       112   -2.8505928035e+00    8.2783598936e+00   -6.3407545812e+00    3.4901617778e+00    1.1130903296e+00   -7.4538449109e+00    1.6000000000e+04    6.2075636675e-02    8.7562500000e-01
       113   -2.8239967999e+00    8.1307884092e+00   -6.6136163691e+00    3.7896195692e+00    1.1498402042e+00   -7.7634565732e+00    1.6000000000e+04    6.2272679531e-02    8.6906250000e-01
       114   -2.8469715489e+00    8.2619937490e+00   -6.4206823491e+00    3.5737108003e+00    1.1203541224e+00   -7.5410364716e+00    1.6000000000e+04    6.2502968888e-02    8.7071875000e-01
       115   -2.8218545879e+00    8.1143842598e+00   -6.5294222723e+00    3.7075676845e+00    1.1586956822e+00   -7.6881179545e+00    1.6000000000e+04    6.2043375594e-02    8.7028125000e-01
       116   -2.8518325083e+00    8.2873154418e+00   -6.5846761866e+00    3.7328436783e+00    1.1109604342e+00   -7.6956366208e+00    1.6000000000e+04    6.2316878531e-02    8.6834375000e-01
       117   -2.8353053506e+00    8.1837566462e+00   -6.4859014642e+00    3.6505961137e+00    1.1319176792e+00   -7.6178191434e+00    1.6000000000e+04    6.2177492113e-02    8.7053125000e-01
       118   -2.8366034077e+00    8.2002058613e+00   -6.4622492682e+00    3.6256458605e+00    1.1409758737e+00   -7.6032251419e+00    1.6000000000e+04    6.2202594881e-02    8.6728125000e-01
       119   -2.8376500793e+00    8.2058432108e+00   -6.5176381353e+00    3.6799880560e+00    1.1280109328e+00   -7.6456490681e+00    1.6000000000e+04    6.3031115906e-02    8.6925000000e-01
       120   -2.8366959279e+00    8.2033661487e+00   -6.4723392796e+00    3.6356433516e+00    1.1331032144e+00   -7.6054424940e+00    1.6000000000e+04    6.2164634544e-02    8.7184375000e-01
       121   -2.8286518902e+00    8.1616277151e+00   -6.6412724109e+00    3.8126205207e+00    1.1495540631e+00   -7.7908264739e+00    1.6000000000e+04    6.2494263681e-02    8.6581250000e-01
       122   -2.8379328024e+00    8.2107642752e+00   -6.5640208100e+00    3.7260880076e+00    1.1307655569e+00   -7.6947863669e+00    1.6000000000e+04    6.2491256981e-02    8.6675000000e-01
       123   -2.8437340421e+00    8.2391160364e+00   -6.4426697716e+00    3.5989357295e+00    1.1369673969e+00   -7.5796371685e+00    1.6000000000e+04    6.1982458563e-02    8.7075000000e-01
       124   -2.8407798820e+00    8.2267043957e+00   -6.5478025824e+00    3.7070227004e+00    1.1166362435e+00   -7.6644388259e+00    1.6000000000e+04    6.2313718169e-02    8.6778125000e-01
       125   -2.8434696558e+00    8.2390885735e+00   -6.4534818806e+00    3.6100122248e+00    1.1259039691e+00   -7.5793858497e+00    1.6000000000e+04    6.2349415338e-02    8.7109375000e-01
       126   -2.8294264348e+00    8.1552312276e+00   -6.4695693624e+00    3.6401429276e+00    1.1452875665e+00   -7.6148569289e+00    1.6000000000e+04    6.2028606675e-02    8.7118750000e-01
       127   -2.8379855600e+00    8.2051420373e+00   -6.5644327110e+00    3.7264471510e+00    1.1188937374e+00   -7.6833264484e+00    1.6000000000e+04    6.2690230806e-02    8.7025000000e-01
       128   -2.8449244974e+00    8.2438053750e+00   -6.5241610417e+00    3.6792365442e+00    1.1147034945e+00   -7.6388645362e+00    1.6000000000e+04    6.2326221063e-02    8.6971875000e-01
       129   -2.8402995752e+00    8.2253658906e+00   -6.4758356984e+00    3.6355361232e+00    1.1367918729e+00   -7.6126275712e+00    1.6000000000e+04    6.2755687813e-02    8.7037500000e-01
       130   -2.8482942376e+00    8.2628987801e+00   -6.3601664209e+00    3.5118721832e+00    1.1202685598e+00   -7.4804349806e+00    1.6000000000e+04    6.2559897294e-02    8.7406250000e-01
       131   -2.8437245034e+00    8.2453004549e+00   -6.4284263289e+00    3.5847018255e+00    1.1305624341e+00   -7.5589887630e+00    1.6000000000e+04    6.2720135400e-02    8.7225000000e-01
       132   -2.8356519917e+00    8.1928604443e+00   -6.6754097035e+00    3.8397577118e+00    1.1424196945e+00   -7.8178293980e+00    1.6000000000e+04    6.2426697356e-02    8.7031250000e-01
       133   -2.8238244737e+00    8.1194144878e+00   -6.3986681025e+00    3.5748436288e+00    1.1414522836e+00   -7.5401203862e+00    1.6000000000e+04    6.1940666656e-02    8.7121875000e-01
       134   -2.8297835899e+00    8.1624764633e+00   -6.6200411181e+00    3.7902575282e+00    1.1426325447e+00   -7.7626736628e+00    1.6000000000e+04    6.2719244763e-02    8.6996875000e-01
       135   -2.8381461286e+00    8.2074084830e+00   -6.5062151936e+00    3.6680690650e+00    1.1322625218e+00   -7.6384777153e+00    1.6000000000e+04    6.2380182831e-02    8.6903125000e-01
       136   -2.8164530908e+00    8.0886325595e+00   -6.7281031533e+00    3.9116500625e+00    1.1652165694e+00   -7.8933197226e+00    1.6000000000e+04    6.2187539400e-02    8.6578125000e-01
       137   -2.8360752887e+00    8.1990185224e+00   -6.6661607835e+00    3.8300854948e+00    1.1394592209e+00   -7.8056200045e+00    1.6000000000e+04    6.2194518394e-02    8.6784375000e-01
       138   -2.8577021348e+00    8.3167677032e+00   -6.3331017766e+00    3.4753996418e+00    1.1086727747e+00   -7.4417745513e+00    1.6000000000e+04    6.2519649950e-02    8.7468750000e-01
       139   -2.8539458668e+00    8.3014986895e+00   -6.4498129864e+00    3.5958671196e+00    1.1131171669e+00   -7.5629301533e+00    1.6000000000e+04    6.3083108369e-02    8.7425000000e-01
       140   -2.8204140683e+00    8.1107542917e+00   -6.6746037984e+00    3.8541897301e+00    1.1573420310e+00   -7.8319458293e+00    1.6000000000e+04    6.2366652088e-02    8.6487500000e-01
       141   -2.8218593919e+00    8.1150592110e+00   -6.6384365841e+00    3.8165771922e+00    1.1499350412e+00   -7.7883716253e+00    1.6000000000e+04    6.2241116463e-02    8.6712500000e-01
       142   -2.8126848457e+00    8.0630264202e+00   -6.7336576218e+00    3.9209727762e+00    1.1649374993e+00   -7.8985951211e+00    1.6000000000e+04    6.2759160344e-02    8.6950000000e-01
       143   -2.8537152908e+00    8.2941721300e+00   -6.3950452574e+00    3.5413299667e+00    1.1148662533e+00   -7.5099115107e+00    1.6000000000e+04    6.1946572419e-02    8.7265625000e-01
       144   -2.8491074398e+00    8.2709488918e+00   -6.3557292946e+00    3.5066218548e+00    1.1247963244e+00   -7.4805256190e+00    1.6000000000e+04    6.2626140038e-02    8.7484375000e-01
       145   -2.8361334906e+00    8.1913529576e+00   -6.3618449930e+00    3.5257115024e+00    1.1333081394e+00   -7.4951531325e+00    1.6000000000e+04    6.2505745825e-02    8.7256250000e-01
       146   -2.8513163889e+00    8.2805415677e+00   -6.5257446398e+00    3.6744282510e+00    1.1129963093e+00   -7.6387409491e+00    1.6000000000e+04    6.2164928625e-02    8.7350000000e-01
       147   -2.8285160350e+00    8.1494629714e+00   -6.4610102404e+00    3.6324942054e+00    1.1396827668e+00   -7.6006930072e+00    1.6000000000e+04    6.2352502938e-02    8.6962500000e-01
       148   -2.8179136267e+00    8.0936488501e+00   -6.5233627632e+00    3.7054491365e+00    1.1741022560e+00   -7.6974650193e+00    1.6000000000e+04    6.2252339919e-02    8.6853125000e-01
       149   -2.8233646617e+00    8.1258615284e+00   -6.6605426796e+00    3.8371780179e+00    1.1655331892e+00   -7.8260758688e+00    1.6000000000e+04    6.2827636138e-02    8.6715625000e-01
       150   -2.8344152417e+00    8.1811374345e+00   -6.4562549974e+00    3.6218397557e+00    1.1382059891e+00   -7.5944609866e+00    1.6000000000e+04    6.2244421050e-02    8.7093750000e-01
       151   -2.8329660914e+00    8.1814769842e+00   -6.4597475992e+00    3.6267815078e+00    1.1554421505e+00   -7.6151897496e+00    1.6000000000e+04    6.2087470613e-02    8.7121875000e-01
       152   -2.8323987104e+00    8.1725986184e+00   -6.5162272626e+00    3.6838285522e+00    1.1484457680e+00   -7.6646730306e+00    1.6000000000e+04    6.2266033619e-02    8.7321875000e-01
       153   -2.8352699619e+00    8.1918740681e+00   -6.6139849371e+00    3.7787149752e+00    1.1331320628e+00   -7.7471169999e+00    1.6000000000e+04    6.2111337425e-02    8.6696875000e-01
       154   -2.8395791897e+00    8.2152951334e+00   -6.4871575025e+00    3.6475783127e+00    1.1337138059e+00   -7.6208713084e+00    1.6000000000e+04    6.2215117288e-02    8.7250000000e-01
       155   -2.8322444025e+00    8.1776777173e+00   -6.5645019986e+00    3.7322575961e+00    1.1400728791e+00   -7.7045748778e+00    1.6000000000e+04    6.2288424544e-02    8.6853125000e-01
       156   -2.8286650272e+00    8.1534986987e+00   -6.4900938467e+00    3.6614288195e+00    1.1454095249e+00   -7.6355033716e+00    1.6000000000e+04    6.2184630963e-02    8.6981250000e-01
       157   -2.8526141119e+00    8.2814601674e+00   -6.4082480178e+00    3.5556339059e+00    1.1184510996e+00   -7.5266991174e+00    1.6000000000e+04    6.2238647213e-02    8.7515625000e-01
       158   -2.8371109841e+00    8.2005604765e+00   -6.4459460397e+00    3.6088350555e+00    1.1292711494e+00   -7.5752171891e+00    1.6000000000e+04    6.2234034875e-02    8.6818750000e-01
       159   -2.8448054507e+00    8.2442777080e+00   -6.3286971716e+00    3.4838917208e+00    1.1342789332e+00   -7.4629761048e+00    1.6000000000e+04    6.3300945263e-02    8.7534375000e-01
       160   -2.8367419550e+00    8.2028350858e+00   -6.4950317610e+00    3.6582898060e+00    1.1372619435e+00   -7.6322937045e+00    1.6000000000e+04    6.2325349519e-02    8.7037500000e-01
       161   -2.8406575816e+00    8.2168459981e+00   -6.4837737795e+00    3.6431161979e+00    1.1266064980e+00   -7.6103802775e+00    1.6000000000e+04    6.2425662825e-02    8.7050000000e-01
       162   -2.8480526547e+00    8.2613187094e+00   -6.3414750888e+00    3.4934224341e+00    1.1256175225e+00   -7.4670926113e+00    1.6000000000e+04    6.2723462613e-02    8.7328125000e-01
       163   -2.8293586515e+00    8.1563680052e+00   -6.6071158882e+00    3.7777572367e+00    1.1349671836e+00   -7.7420830718e+00    1.6000000000e+04    6.2098247875e-02    8.7143750000e-01
       164   -2.8377753734e+00    8.2072370792e+00   -6.5305481036e+00    3.6927727302e+00    1.1369296599e+00   -7.6674777635e+00    1.6000000000e+04    6.2389147737e-02    8.7125000000e-01
       165   -2.8225880393e+00    8.1198722249e+00   -6.5829947285e+00    3.7604066893e+00    1.1634819681e+00   -7.7464766967e+00    1.6000000000e+04    6.2877511988e-02    8.6387500000e-01
       166   -2.8367418273e+00    8.2013980750e+00   -6.6009719972e+00    3.7642301699e+00    1.1429900581e+00   -7.7439620554e+00    1.6000000000e+04    6.2283098387e-02    8.6993750000e-01
       167   -2.8471958723e+00    8.2551735085e+00   -6.3127891778e+00    3.4655933054e+00    1.1214094104e+00   -7.4341985881e+00    1.6000000000e+04    6.2153960156e-02    8.7193750000e-01
       168   -2.8343067981e+00    8.1811858414e+00   -6.6640823227e+00    3.8297755245e+00    1.1326522105e+00   -7.7967345332e+00    1.6000000000e+04    6.2338251813e-02    8.7350000000e-01
       169   -2.8520660566e+00    8.2865625877e+00   -6.3029398059e+00    3.4508737493e+00    1.1148869597e+00   -7.4178267656e+00    1.6000000000e+04    6.3268851756e-02    8.7446875000e-01
       170   -2.8285156896e+00    8.1521799250e+00   -6.5827067684e+00    3.7541910788e+00    1.1414577873e+00   -7.7241645557e+00    1.6000000000e+04    6.2181069238e-02    8.7184375000e-01
       171   -2.8216472377e+00    8.1206554308e+00   -6.5800327979e+00    3.7583855602e+00    1.1759455717e+00   -7.7559783696e+00    1.6000000000e+04    6.2351249725e-02    8.6950000000e-01
       172   -2.8379823310e+00    8.2042033686e+00   -6.4173077376e+00    3.5793254066e+00    1.1311730953e+00   -7.5484808329e+00    1.6000000000e+04    6.2329309050e-02    8.7159375000e-01
       173   -2.8384053525e+00    8.2072129245e+00   -6.4189325448e+00    3.5805271923e+00    1.1336427268e+00   -7.5525752716e+00    1.6000000000e+04    6.2229660525e-02    8.7462500000e-01
       174   -2.8353803997e+00    8.1895503842e+00   -6.4608867210e+00    3.6255063213e+00    1.1402311808e+00   -7.6011179018e+00    1.6000000000e+04    6.1946201275e-02    8.7240625000e-01
       175   -2.8349022583e+00    8.1870303125e+00   -6.3805693373e+00    3.5456670790e+00    1.1345911635e+00   -7.5151605008e+00    1.6000000000e+04    6.2541803688e-02    8.7268750000e-01
       176   -2.8374421664e+00    8.2010439371e+00   -6.6103965524e+00    3.7729543859e+00    1.1188506750e+00   -7.7292472274e+00    1.6000000000e+04    6.2313620906e-02    8.6984375000e-01
       177   -2.8410481649e+00    8.2230296609e+00   -6.5272201063e+00    3.6861719414e+00    1.1274916884e+00   -7.6547117947e+00    1.6000000000e+04    6.1878587731e-02    8.7021875000e-01
       178   -2.8172481237e+00    8.0959708189e+00   -6.5531332847e+00    3.7358851610e+00    1.1707692775e+00   -7.7239025622e+00    1.6000000000e+04    6.2426430513e-02    8.6812500000e-01
       179   -2.8291878850e+00    8.1552740479e+00   -6.5670916309e+00    3.7379037459e+00    1.1477083980e+00   -7.7148000290e+00    1.6000000000e+04    6.2996010125e-02    8.7187500000e-01
       180   -2.8436487749e+00    8.2389456187e+00   -6.5165425172e+00    3.6728937423e+00    1.1332510472e+00   -7.6497935644e+00    1.6000000000e+04    6.2247032431e-02    8.7340625000e-01
       181   -2.8495171077e+00    8.2713006910e+00   -6.4764913875e+00    3.6269742799e+00    1.1139824841e+00   -7.5904738716e+00    1.6000000000e+04    6.2110642944e-02    8.7103125000e-01
       182   -2.8349928051e+00    8.1948316913e+00   -6.4168823103e+00    3.5818895052e+00    1.1539565311e+00   -7.5708388414e+00    1.6000000000e+04    6.1962380044e-02    8.7250000000e-01
       183   -2.8199768879e+00    8.1047080034e+00   -6.6861098821e+00    3.8661329942e+00    1.1662841086e+00   -7.8523939907e+00    1.6000000000e+04    6.2153520831e-02    8.6821875000e-01
       184   -2.8355625569e+00    8.1921889981e+00   -6.4643492990e+00    3.6287867421e+00    1.1374680417e+00   -7.6018173407e+00    1.6000000000e+04    6.2373928513e-02    8.7043750000e-01
       185   -2.8304050522e+00    8.1656482158e+00   -6.6352974573e+00    3.8048924051e+00    1.1445221263e+00   -7.7798195836e+00    1.6000000000e+04    6.2556583638e-02    8.6687500000e-01
       186   -2.8480072060e+00    8.2612724578e+00   -6.3914626306e+00    3.5434554246e+00    1.1138537109e+00   -7.5053163415e+00    1.6000000000e+04    6.2277276331e-02    8.7590625000e-01
       187   -2.8245461479e+00    8.1365710612e+00   -6.5970168142e+00    3.7724706664e+00    1.1564041549e+00   -7.7534209691e+00    1.6000000000e+04    6.1873366056e-02    8.6918750000e-01
       188   -2.8483473378e+00    8.2636605411e+00   -6.3413126451e+00    3.4929653073e+00    1.1195450129e+00   -7.4608576580e+00    1.6000000000e+04    6.2043286738e-02    8.7334375000e-01
       189   -2.8374283095e+00    8.2108695159e+00   -6.5268253785e+00    3.6893970690e+00    1.1436986172e+00   -7.6705239957e+00    1.6000000000e+04    6.2986898431e-02    8.7246875000e-01
       190   -2.8222948009e+00    8.1178564926e+00   -6.7096811030e+00    3.8873863021e+00    1.1534716462e+00   -7.8631527492e+00    1.6000000000e+04    6.2207795388e-02    8.6421875000e-01
       191   -2.8458847085e+00    8.2487515720e+00   -6.4091643121e+00    3.5632796037e+00    1.1277313432e+00   -7.5368956554e+00    1.6000000000e+04    6.2120212256e-02    8.7175000000e-01
       192   -2.8279923530e+00    8.1520864495e+00   -6.5636650065e+00    3.7356726535e+00    1.1509376677e+00   -7.7146026742e+00    1.6000000000e+04    6.2386689306e-02    8.7006250000e-01
       193   -2.8436456649e+00    8.2410097653e+00   -6.5644560883e+00    3.7208104234e+00    1.1312218663e+00   -7.6956779546e+00    1.6000000000e+04    6.2260541031e-02    8.7034375000e-01
       194   -2.8250807775e+00    8.1373523855e+00   -6.6411921906e+00    3.8161114132e+00    1.1443223934e+00   -7.7855145840e+00    1.6000000000e+04    6.2404199913e-02    8.6806250000e-01
       195   -2.8436322028e+00    8.2377779694e+00   -6.6913920186e+00    3.8477598158e+00    1.1359658499e+00   -7.8273578685e+00    1.6000000000e+04    6.2513323706e-02    8.6856250000e-01
       196   -2.8235661860e+00    8.1269497841e+00   -6.6130662192e+00    3.7895000331e+00    1.1558022387e+00   -7.7688684579e+00    1.6000000000e+04    6.2079343725e-02    8.7115625000e-01
       197   -2.8372717639e+00    8.1976568539e+00   -6.5259797469e+00    3.6887079830e+00    1.1259610337e+00   -7.6519407806e+00    1.6000000000e+04    6.2139658900e-02    8.7184375000e-01
       198   -2.8192616239e+00    8.1026107837e+00   -6.6039740775e+00    3.7847124536e+00    1.1563926279e+00   -7.7603667054e+00    1.6000000000e+04    6.2776698863e-02    8.7109375000e-01
       199   -2.8316685101e+00    8.1631051655e+00   -6.6393825604e+00    3.8077140503e+00    1.1364688256e+00   -7.7758513861e+00    1.6000000000e+04    6.3339277238e-02    8.6978125000e-01
       200   -2.8446868939e+00    8.2419205581e+00   -6.5405436305e+00    3.6958567366e+00    1.1187588416e+00   -7.6593024721e+00    1.6000000000e+04    6.2522091656e-02    8.7165625000e-01
       201   -2.8208940147e+00    8.1158355324e+00   -6.6894913474e+00    3.8685973326e+00    1.1632073323e+00   -7.8526986796e+00    1.6000000000e+04    6.2479804000e-02    8.6503125000e-01
       202   -2.8403346827e+00    8.2167116449e+00   -6.5736333708e+00    3.7332986881e+00    1.1328673739e+00   -7.7065007448e+00    1.6000000000e+04    6.2322969638e-02    8.7043750000e-01
       203   -2.8323493965e+00    8.1710064712e+00   -6.4614743196e+00    3.6291249231e+00    1.1360625313e+00   -7.5975368509e+00    1.6000000000e+04    6.2247182413e-02    8.6975000000e-01
       204   -2.8280290414e+00    8.1450027507e+00   -6.4542726420e+00    3.6262436006e+00    1.1492147060e+00   -7.6034873480e+00    1.6000000000e+04    6.2053644919e-02    8.7021875000e-01
       205   -2.8192176818e+00    8.0966496327e+00   -6.6240891607e+00    3.8048714790e+00    1.1614062346e+00   -7.7854953953e+00    1.6000000000e+04    6.2253605531e-02    8.6843750000e-01
       206   -2.8234477160e+00    8.1280641309e+00   -6.5404362227e+00    3.7169885067e+00    1.1548979639e+00   -7.6953341866e+00    1.6000000000e+04    6.2243644306e-02    8.6834375000e-01
       207   -2.8419783106e+00    8.2331459926e+00   -6.5073253192e+00    3.6653470086e+00    1.1289066073e+00   -7.6362319265e+00    1.6000000000e+04    6.2030732513e-02    8.6996875000e-01
       208   -2.8321381917e+00    8.1766610187e+00   -6.3734755452e+00    3.5413373535e+00    1.1501671498e+00   -7.5236426950e+00    1.6000000000e+04    6.2146599588e-02    8.7321875000e-01
       209   -2.8213130808e+00    8.1144678655e+00   -6.6077251349e+00    3.7864120541e+00    1.1642164494e+00   -7.7719415844e+00    1.6000000000e+04    6.3357293081e-02    8.6815625000e-01
       210   -2.8323277164e+00    8.1689451504e+00   -6.3991966673e+00    3.5668689508e+00    1.1401424251e+00   -7.5393390924e+00    1.6000000000e+04    6.2144575344e-02    8.7218750000e-01
       211   -2.8442095928e+00    8.2390743206e+00   -6.4667673977e+00    3.6225578049e+00    1.1284910932e+00   -7.5952584909e+00    1.6000000000e+04    6.2499280538e-02    8.7196875000e-01
       212   -2.8606554720e+00    8.3345528724e+00   -6.4088139755e+00    3.5481585035e+00    1.0987873627e+00   -7.5076013383e+00    1.6000000000e+04    6.2141973700e-02    8.7006250000e-01
       213   -2.8536569997e+00    8.2984187286e+00   -6.3159203950e+00    3.4622633953e+00    1.1158819676e+00   -7.4318023625e+00    1.6000000000e+04    6.2312380669e-02    8.7571875000e-01
       214   -2.8409648307e+00    8.2288128194e+00   -6.6028974466e+00    3.7619326159e+00    1.1218803454e+00   -7.7247777920e+00    1.6000000000e+04    6.2476501875e-02    8.7106250000e-01
       215   -2.8448950696e+00    8.2521521862e+00   -6.5457780790e+00    3.7008830094e+00    1.1335508026e+00   -7.6793288816e+00    1.6000000000e+04    6.2488700681e-02    8.7071875000e-01
       216   -2.8491437404e+00    8.2711776413e+00   -6.5655818772e+00    3.7164381368e+00    1.1054879276e+00   -7.6710698049e+00    1.6000000000e+04    6.2527134162e-02    8.6853125000e-01
       217   -2.8365559586e+00    8.1953488213e+00   -6.5884441322e+00    3.7518881736e+00    1.1395011634e+00   -7.7279452956e+00    1.6000000000e+04    6.2303596100e-02    8.6934375000e-01
       218   -2.8251091460e+00    8.1326496823e+00   -6.5683353497e+00    3.7432262037e+00    1.1405152260e+00   -7.7088505757e+00    1.6000000000e+04    6.2612739038e-02    8.6965625000e-01
       219   -2.8370233909e+00    8.2058141859e+00   -6.4207921353e+00    3.5837687444e+00    1.1328298903e+00   -7.5536220256e+00    1.6000000000e+04    6.3268588606e-02    8.7050000000e-01
       220   -2.8334914038e+00    8.1824616454e+00   -6.5877858177e+00    3.7542944139e+00    1.1469824512e+00   -7.7347682689e+00    1.6000000000e+04    6.2562286712e-02    8.7028125000e-01
       221   -2.8381100355e+00    8.2086142226e+00   -6.5242790852e+00    3.6861690497e+00    1.1244680923e+00   -7.6487471775e+00    1.6000000000e+04    6.2187975469e-02    8.7250000000e-01
       222   -2.8346798718e+00    8.1888710987e+00   -6.6016588993e+00    3.7669790275e+00    1.1381607945e+00   -7.7398196938e+00    1.6000000000e+04    6.2576883263e-02    8.7093750000e-01
       223   -2.8442187086e+00    8.2426993467e+00   -6.3918549823e+00    3.5476362737e+00    1.1235752538e+00   -7.5154302361e+00    1.6000000000e+04    6.2440454581e-02    8.7090625000e-01
       224   -2.8296079882e+00    8.1554590119e+00   -6.4492310054e+00    3.6196230172e+00    1.1474364676e+00   -7.5966674730e+00    1.6000000000e+04    6.2413130831e-02    8.6937500000e-01
       225   -2.8317554420e+00    8.1697747284e+00   -6.4715596333e+00    3.6398041913e+00    1.1490271950e+00   -7.6205868283e+00    1.6000000000e+04    6.2073582800e-02    8.7268750000e-01
       226   -2.8239958234e+00    8.1258101488e+00   -6.9407176893e+00    4.1167218660e+00    1.1459595873e+00   -8.0866772766e+00    1.6000000000e+04    6.2273197244e-02    8.6759375000e-01
       227   -2.8341941721e+00    8.1800235833e+00   -6.4441366168e+00    3.6099424447e+00    1.1297541070e+00   -7.5738907237e+00    1.6000000000e+04    6.2220449300e-02    8.7365625000e-01
       228   -2.8139387491e+00    8.0746969679e+00   -6.6504039930e+00    3.8364652439e+00    1.1888812146e+00   -7.8392852076e+00    1.6000000000e+04    6.2345374681e-02    8.6521875000e-01
       229   -2.8401219414e+00    8.2218109503e+00   -6.4617374202e+00    3.6216154788e+00    1.1338729966e+00   -7.5956104168e+00    1.6000000000e+04    6.3055130356e-02    8.7090625000e-01
       230   -2.8379541918e+00    8.2054120773e+00   -6.4268453219e+00    3.5888911302e+00    1.1276319182e+00   -7.5544772401e+00    1.6000000000e+04    6.2264175356e-02    8.6921875000e-01
       231   -2.8375939419e+00    8.2041705039e+00   -6.5011557684e+00    3.6635618265e+00    1.1305879189e+00   -7.6317436873e+00    1.6000000000e+04    6.2112728756e-02    8.7068750000e-01
       232   -2.8448771297e+00    8.2417985155e+00   -6.3667477746e+00    3.5218706449e+00    1.1308252752e+00   -7.4975730498e+00    1.6000000000e+04    6.2392951319e-02    8.7559375000e-01
       233   -2.8363766742e+00    8.2027317819e+00   -6.5373606784e+00    3.7009840042e+00    1.1410038670e+00   -7.6783645454e+00    1.6000000000e+04    6.2212926263e-02    8.7153125000e-01
       234   -2.8297176883e+00    8.1603080811e+00   -6.5993711344e+00    3.7696534460e+00    1.1398958478e+00   -7.7392669821e+00    1.6000000000e+04    6.1904450000e-02    8.6862500000e-01
       235   -2.8248232576e+00    8.1344542786e+00   -6.5836366732e+00    3.7588134156e+00    1.1571625636e+00   -7.7407992368e+00    1.6000000000e+04    6.2372381563e-02    8.7046875000e-01
       236   -2.8244900593e+00    8.1316333013e+00   -6.5695683831e+00    3.7450783238e+00    1.1514803671e+00   -7.7210487502e+00    1.6000000000e+04    6.2740593650e-02    8.6965625000e-01
       237   -2.8388751913e+00    8.2113240438e+00   -6.5014719274e+00    3.6625967361e+00    1.1298794856e+00   -7.6313514131e+00    1.6000000000e+04    6.2030341150e-02    8.7043750000e-01
       238   -2.8419530585e+00    8.2288269873e+00   -6.4358116729e+00    3.5938586144e+00    1.1312766301e+00   -7.5670883030e+00    1.6000000000e+04    6.2815547681e-02    8.7243750000e-01
       239   -2.8316066106e+00    8.1643693504e+00   -6.5679321752e+00    3.7363255646e+00    1.1376846932e+00   -7.7056168684e+00    1.6000000000e+04    6.3628480538e-02    8.7143750000e-01
       240   -2.8305196204e+00    8.1628443521e+00   -6.5248604714e+00    3.6943408510e+00    1.1535833672e+00   -7.6784438386e+00    1.6000000000e+04    6.2168707494e-02    8.6912500000e-01
       241   -2.8334212323e+00    8.1756624730e+00   -6.5954406965e+00    3.7620194642e+00    1.1352652556e+00   -7.7307059521e+00    1.6000000000e+04    6.2101819875e-02    8.7009375000e-01
       242   -2.8418786851e+00    8.2234735524e+00   -6.4997734300e+00    3.6578947448e+00    1.1216098537e+00   -7.6213832837e+00    1.6000000000e+04    6.2194121200e-02    8.6721875000e-01
       243   -2.8526161904e+00    8.2860466459e+00   -6.3256767187e+00    3.4730605282e+00    1.1103549119e+00   -7.4360316305e+00    1.6000000000e+04    6.2491209619e-02    8.7440625000e-01
       244   -2.8363430834e+00    8.2011893423e+00   -6.5481998878e+00    3.7118568044e+00    1.1265643212e+00   -7.6747642089e+00    1.6000000000e+04    6.2563544731e-02    8.6915625000e-01
       245   -2.8443539418e+00    8.2418067986e+00   -6.5466433861e+00    3.7022894443e+00    1.1255839365e+00   -7.6722273226e+00    1.6000000000e+04    6.2522910031e-02    8.7156250000e-01
       246   -2.8413478590e+00    8.2258233646e+00   -6.4441511747e+00    3.6028033157e+00    1.1278914132e+00   -7.5720425879e+00    1.6000000000e+04    6.2720659531e-02    8.7293750000e-01
       247   -2.8424735446e+00    8.2261564524e+00   -6.3682472359e+00    3.5257736913e+00    1.1216855662e+00   -7.4899328021e+00    1.6000000000e+04    6.2244482106e-02    8.7631250000e-01
       248   -2.8386424561e+00    8.2126470099e+00   -6.4805756597e+00    3.6419332036e+00    1.1384665822e+00   -7.6190422419e+00    1.6000000000e+04    6.2336175838e-02    8.6700000000e-01
       249   -2.8407599767e+00    8.2234958280e+00   -6.4822471221e+00    3.6414871454e+00    1.1423338877e+00   -7.6245810098e+00    1.6000000000e+04    6.3217161469e-02    8.7075000000e-01
       250   -2.8431845742e+00    8.2351650321e+00   -6.4809080832e+00    3.6377235090e+00    1.1184967478e+00   -7.5994048310e+00    1.6000000000e+04    6.2218693550e-02    8.7153125000e-01
       251   -2.8385147106e+00    8.2092508369e+00   -6.5499320782e+00    3.7114173676e+00    1.1322843774e+00   -7.6822164556e+00    1.6000000000e+04    6.2036603862e-02    8.7190625000e-01
       252   -2.8422615058e+00    8.2295753004e+00   -6.3938871168e+00    3.5516256110e+00    1.1331425771e+00   -7.5270296940e+00    1.6000000000e+04    6.2210511094e-02    8.7140625000e-01
       253   -2.8481569485e+00    8.2637378914e+00   -6.3629832688e+00    3.5148263203e+00    1.1121612039e+00   -7.4751444727e+00    1.6000000000e+04    6.2190303956e-02    8.7593750000e-01
       254   -2.8214121120e+00    8.1120007939e+00   -6.5476310024e+00    3.7262188904e+00    1.1707314414e+00   -7.7183624438e+00    1.6000000000e+04    6.2387142381e-02    8.6987500000e-01
       255   -2.8398407560e+00    8.2172227953e+00   -6.4775799472e+00    3.6377391912e+00    1.1318935702e+00   -7.6094735174e+00    1.6000000000e+04    6.2220527813e-02    8.7181250000e-01
       256   -2.8372068342e+00    8.1985797161e+00   -6.3459569611e+00    3.5087501269e+00    1.1366422482e+00   -7.4825992093e+00    1.6000000000e+04    6.2166847656e-02    8.7718750000e-01
       257   -2.8218157447e+00    8.1181367475e+00   -6.5456234821e+00    3.7238077373e+00    1.1621990327e+00   -7.7078225148e+00    1.6000000000e+04    6.2453902313e-02    8.6865625000e-01
       258   -2.8304103595e+00    8.1710263352e+00   -6.7602176469e+00    3.9298072874e+00    1.1410918363e+00   -7.9013094832e+00    1.6000000000e+04    6.2457817438e-02    8.6893750000e-01
       259   -2.8293794555e+00    8.1582558979e+00   -6.4059697299e+00    3.5765902744e+00    1.1425985741e+00   -7.5485683040e+00    1.6000000000e+04    6.3335891663e-02    8.7168750000e-01
       260   -2.8302172388e+00    8.1698311660e+00   -6.5355954211e+00    3.7053781822e+00    1.1581416816e+00   -7.6937371027e+00    1.6000000000e+04    6.2266804869e-02    8.6887500000e-01
       261   -2.8497268419e+00    8.2734347537e+00   -6.4331144414e+00    3.5833875995e+00    1.1228362658e+00   -7.5559507072e+00    1.6000000000e+04    6.2358200625e-02    8.7206250000e-01
       262   -2.8296309395e+00    8.1568936155e+00   -6.5647264551e+00    3.7350955157e+00    1.1430718507e+00   -7.7077983058e+00    1.6000000000e+04    6.2405019925e-02    8.7193750000e-01
       263   -2.8360223750e+00    8.1873658042e+00   -6.5116453410e+00    3.6756229661e+00    1.1256919159e+00   -7.6373372569e+00    1.6000000000e+04    6.2158366731e-02    8.6956250000e-01
       264   -2.8384550203e+00    8.2105070786e+00   -6.4123262534e+00    3.5738712331e+00    1.1348223089e+00   -7.5471485623e+00    1.6000000000e+04    6.2364714306e-02    8.7334375000e-01
       265   -2.8385364138e+00    8.2118015588e+00   -6.4139235786e+00    3.5753871648e+00    1.1335616444e+00   -7.5474852229e+00    1.6000000000e+04    6.2465966413e-02    8.7225000000e-01
       266   -2.8204182348e+00    8.1127902444e+00   -6.5991728597e+00    3.7787546249e+00    1.1600889601e+00   -7.7592618197e+00    1.6000000000e+04    6.2199713806e-02    8.6846875000e-01
       267   -2.8392775862e+00    8.2119075331e+00   -6.4696020717e+00    3.6303244855e+00    1.1201034178e+00   -7.5897054896e+00    1.6000000000e+04    6.2538545344e-02    8.7334375000e-01
       268   -2.8333322655e+00    8.1800107151e+00   -6.4126795028e+00    3.5793472372e+00    1.1447089890e+00   -7.5573884918e+00    1.6000000000e+04    6.2348186313e-02    8.7406250000e-01
       269   -2.8243167992e+00    8.1282912787e+00   -6.6666467820e+00    3.8423299828e+00    1.1573538926e+00   -7.8240006745e+00    1.6000000000e+04    6.3298446219e-02    8.7028125000e-01
       270   -2.8394398853e+00    8.2130601057e+00   -6.3653361412e+00    3.5258962559e+00    1.1249041484e+00   -7.4902402896e+00    1.6000000000e+04    6.2412471894e-02    8.7090625000e-01
       271   -2.8368229364e+00    8.2005696939e+00   -6.4354979065e+00    3.5986749701e+00    1.1371045822e+00   -7.5726024887e+00    1.6000000000e+04    6.2183142413e-02    8.7234375000e-01
       272   -2.8259302726e+00    8.1435506147e+00   -6.5422687970e+00    3.7163385244e+00    1.1428148008e+00   -7.6850835978e+00    1.6000000000e+04    6.2465611725e-02    8.7028125000e-01
       273   -2.8338403254e+00    8.1800436804e+00   -6.4519168406e+00    3.6180765152e+00    1.1385804239e+00   -7.5904972645e+00    1.6000000000e+04    6.2412071006e-02    8.7059375000e-01
       274   -2.8297784731e+00    8.1606241931e+00   -6.5629086107e+00    3.7331301376e+00    1.1386551279e+00   -7.7015637386e+00    1.6000000000e+04    6.2583113550e-02    8.7221875000e-01
       275   -2.8415113626e+00    8.2267847611e+00   -6.4489430247e+00    3.6074316621e+00    1.1197887078e+00   -7.5687317325e+00    1.6000000000e+04    6.2359798769e-02    8.7309375000e-01
       276   -2.8261166176e+00    8.1401429332e+00   -6.5642514819e+00    3.7381348644e+00    1.1647051722e+00   -7.7289566541e+00    1.6000000000e+04    6.2309407750e-02    8.7009375000e-01
       277   -2.8239627406e+00    8.1267880669e+00   -6.5481182984e+00    3.7241555578e+00    1.1550792000e+00   -7.7031974984e+00    1.6000000000e+04    6.2250723256e-02    8.6800000000e-01
       278   -2.8336903603e+00    8.1841166076e+00   -6.5046929695e+00    3.6710026092e+00    1.1485798519e+00   -7.6532728214e+00    1.6000000000e+04    6.2292380975e-02    8.7290625000e-01
       279   -2.8273110732e+00    8.1451423617e+00   -6.5922595201e+00    3.7649484469e+00    1.1482674088e+00   -7.7405269290e+00    1.6000000000e+04    6.3365780862e-02    8.6903125000e-01
       280   -2.8250022566e+00    8.1337820663e+00   -6.6142414265e+00    3.7892391700e+00    1.1536071950e+00   -7.7678486215e+00    1.6000000000e+04    6.2195903688e-02    8.6509375000e-01
       281   -2.8489852073e+00    8.2648178705e+00   -6.4426852294e+00    3.5937000221e+00    1.1139263600e+00   -7.5566115894e+00    1.6000000000e+04    6.2506130338e-02    8.7359375000e-01
       282   -2.8369615869e+00    8.2021966099e+00   -6.3238734692e+00    3.4869118823e+00    1.1343979919e+00   -7.4582714611e+00    1.6000000000e+04    6.2265138250e-02    8.7431250000e-01
       283   -2.8310082664e+00    8.1710087957e+00   -6.5457987615e+00    3.7147904951e+00    1.1480066561e+00   -7.6938054176e+00    1.6000000000e+04    6.2263181963e-02    8.6706250000e-01
       284   -2.8275617531e+00    8.1496483085e+00   -6.6052480323e+00    3.7776862792e+00    1.1522145475e+00   -7.7574625798e+00    1.6000000000e+04    6.2088474262e-02    8.6815625000e-01
       285   -2.8410914022e+00    8.2272705837e+00   -6.5387461846e+00    3.6976547825e+00    1.1343222783e+00   -7.6730684630e+00    1.6000000000e+04    6.2174428263e-02    8.7078125000e-01
       286   -2.8374367829e+00    8.2059053796e+00   -6.5882044060e+00    3.7507676231e+00    1.1337782125e+00   -7.7219826185e+00    1.6000000000e+04    6.2056891513e-02    8.7006250000e-01
       287   -2.8228112253e+00    8.1234596353e+00   -6.5921362897e+00    3.7693250643e+00    1.1572581073e+00   -7.7493943969e+00    1.6000000000e+04    6.2278441713e-02    8.6965625000e-01
       288   -2.8308835071e+00    8.1611985391e+00   -6.4606136612e+00    3.6297301541e+00    1.1376465027e+00   -7.5982601639e+00    1.6000000000e+04    6.2085577075e-02    8.7275000000e-01
       289   -2.8271507496e+00    8.1469833129e+00   -6.4203582631e+00    3.5932075134e+00    1.1547281158e+00   -7.5750863789e+00    1.6000000000e+04    6.2870198319e-02    8.7031250000e-01
       290   -2.8528425686e+00    8.2899472926e+00   -6.4934236430e+00    3.6405810744e+00    1.1020580406e+00   -7.5954816836e+00    1.6000000000e+04    6.2027672963e-02    8.7559375000e-01
       291   -2.8577235849e+00    8.3166756104e+00   -6.4017597893e+00    3.5440362044e+00    1.0989530927e+00   -7.5007128819e+00    1.6000000000e+04    6.2242255788e-02    8.7184375000e-01
       292   -2.8229809276e+00    8.1250717542e+00   -6.5364811684e+00    3.7135002408e+00    1.1522152164e+00   -7.6886963848e+00    1.6000000000e+04    6.2933870806e-02    8.7012500000e-01
       293   -2.8380437302e+00    8.2081665036e+00   -6.4469575108e+00    3.6089137806e+00    1.1455476992e+00   -7.5925052100e+00    1.6000000000e+04    6.2423708956e-02    8.7246875000e-01
       294   -2.8285400047e+00    8.1486704936e+00   -6.5244996241e+00    3.6959596194e+00    1.1398004305e+00   -7.6643000546e+00    1.6000000000e+04    6.2723289369e-02    8.6912500000e-01
       295   -2.8266620353e+00    8.1378114318e+00   -6.5796045961e+00    3.7529425607e+00    1.1403905058e+00   -7.7199951019e+00    1.6000000000e+04    6.2414070431e-02    8.6975000000e-01
       296   -2.8384036381e+00    8.2034744563e+00   -6.5877636520e+00    3.7493600140e+00    1.1184157247e+00   -7.7061793767e+00    1.6000000000e+04    6.2144095200e-02    8.7146875000e-01
       297   -2.8452189363e+00    8.2517872492e+00   -6.4143016216e+00    3.5690826852e+00    1.1358460071e+00   -7.5501476287e+00    1.6000000000e+04    6.2279286938e-02    8.7265625000e-01
       298   -2.8254745682e+00    8.1304631149e+00   -6.5016919210e+00    3.6762173527e+00    1.1609670623e+00   -7.6626589833e+00    1.6000000000e+04    6.2362621356e-02    8.7059375000e-01
       299   -2.8395881607e+00    8.2174670491e+00   -6.7066430937e+00    3.8670549330e+00    1.1309264225e+00   -7.8375695162e+00    1.6000000000e+04    6.3122121819e-02    8.6996875000e-01
       300   -2.8408750265e+00    8.2224464495e+00   -6.4603422845e+00    3.6194672581e+00    1.1327423788e+00   -7.5930846634e+00    1.6000000000e+04    6.2276932356e-02    8.7312500000e-01
       301   -2.8289470014e+00    8.1522705109e+00   -6.5180691375e+00    3.6891221361e+00    1.1441488753e+00   -7.6622180128e+00    1.6000000000e+04    6.2854785956e-02    8.6893750000e-01
       302   -2.8347287947e+00    8.1867720236e+00   -6.4832452798e+00    3.6485164851e+00    1.1463855315e+00   -7.6296308112e+00    1.6000000000e+04    6.2704352219e-02    8.7015625000e-01
       303   -2.8398891535e+00    8.2168838214e+00   -6.3717323848e+00    3.5318432313e+00    1.1320720797e+00   -7.5038044644e+00    1.6000000000e+04    6.2200417306e-02    8.7162500000e-01
       304   -2.8246892344e+00    8.1361264784e+00   -6.5723331163e+00    3.7476438819e+00    1.1541299566e+00   -7.7264630729e+00    1.6000000000e+04    6.2197942431e-02    8.6731250000e-01
       305   -2.8348777730e+00    8.1825488037e+00   -6.4781403440e+00    3.6432625711e+00    1.1324298113e+00   -7.6105701553e+00    1.6000000000e+04    6.2273757581e-02    8.7006250000e-01
       306   -2.8359822396e+00    8.1947435922e+00   -6.4442848671e+00    3.6083026275e+00    1.1357986620e+00   -7.5800835291e+00    1.6000000000e+04    6.2137113394e-02    8.7300000000e-01
       307   -2.8470769384e+00    8.2533619982e+00   -6.3859474821e+00    3.5388705437e+00    1.1181359791e+00   -7.5040834612e+00    1.6000000000e+04    6.2244005619e-02    8.7643750000e-01
       308   -2.8401690700e+00    8.2232501889e+00   -6.4671990386e+00    3.6270299686e+00    1.1447624980e+00   -7.6119615366e+00    1.6000000000e+04    6.2102340863e-02    8.6940625000e-01
       309   -2.8360998851e+00    8.1995625165e+00   -6.5412034751e+00    3.7051035900e+00    1.1372889876e+00   -7.6784924627e+00    1.6000000000e+04    6.3101434231e-02    8.6621875000e-01
       310   -2.8269285345e+00    8.1444317264e+00   -6.7883163130e+00    3.9613877785e+00    1.1510209177e+00   -7.9393372307e+00    1.6000000000e+04    6.2276726056e-02    8.6756250000e-01
       311   -2.8356446140e+00    8.1901815040e+00   -6.4587375049e+00    3.6230928910e+00    1.1295256136e+00   -7.5882631185e+00    1.6000000000e+04    6.2245529369e-02    8.6615625000e-01
       312   -2.8245362338e+00    8.1279799005e+00   -6.5896985546e+00    3.7651623208e+00    1.1547476748e+00   -7.7444462294e+00    1.6000000000e+04    6.2297230069e-02    8.7125000000e-01
       313   -2.8303700366e+00    8.1649241185e+00   -6.5319710442e+00    3.7016010076e+00    1.1440582699e+00   -7.6760293141e+00    1.6000000000e+04    6.2015505713e-02    8.7078125000e-01
       314   -2.8360408831e+00    8.1935457870e+00   -6.4331195743e+00    3.5970786911e+00    1.1374101828e+00   -7.5705297571e+00    1.6000000000e+04    6.2328023319e-02    8.6956250000e-01
       315   -2.8234629930e+00    8.1270478064e+00   -6.5654758498e+00    3.7420128568e+00    1.1575626037e+00   -7.7230384536e+00    1.6000000000e+04    6.2002142250e-02    8.7221875000e-01
       316   -2.8500601981e+00    8.2750913709e+00   -6.3669492658e+00    3.5168890677e+00    1.1196795066e+00   -7.4866287724e+00    1.6000000000e+04    6.2046114250e-02    8.7281250000e-01
       317   -2.8365836504e+00    8.1957686372e+00   -6.4164531471e+00    3.5798694967e+00    1.1346646611e+00   -7.5511178082e+00    1.6000000000e+04    6.2587719513e-02    8.7331250000e-01
       318   -2.8318772848e+00    8.1790820714e+00   -6.6757006165e+00    3.8438233317e+00    1.1403348824e+00   -7.8160354990e+00    1.6000000000e+04    6.2842189013e-02    8.6931250000e-01
       319   -2.8353400144e+00    8.1921185964e+00   -6.4971104673e+00    3.6617704530e+00    1.1266248566e+00   -7.6237353240e+00    1.6000000000e+04    6.3306187450e-02    8.6943750000e-01
       320   -2.8330167264e+00    8.1785849102e+00   -6.7496290842e+00    3.9166123578e+00    1.1378258930e+00   -7.8874549773e+00    1.6000000000e+04    6.2471018219e-02    8.6984375000e-01
       321   -2.8581069593e+00    8.3213495566e+00   -6.3953581035e+00    3.5372511441e+00    1.1045056794e+00   -7.4998637828e+00    1.6000000000e+04    6.2247264550e-02    8.7203125000e-01
       322   -2.8291135910e+00    8.1642818487e+00   -6.6531299332e+00    3.8240163422e+00    1.1425044960e+00   -7.7956344292e+00    1.6000000000e+04    6.2503364900e-02    8.6862500000e-01
       323   -2.8251237886e+00    8.1332474032e+00   -6.5175729245e+00    3.6924491358e+00    1.1464675712e+00   -7.6640404957e+00    1.6000000000e+04    6.2540939338e-02    8.6862500000e-01
       324   -2.8271202136e+00    8.1477029112e+00   -6.5469205677e+00    3.7198003541e+00    1.1424140691e+00   -7.6893346368e+00    1.6000000000e+04    6.2156970081e-02    8.6912500000e-01
       325   -2.8388179206e+00    8.2128760943e+00   -6.4944610776e+00    3.6556431570e+00    1.1339206709e+00   -7.6283817485e+00    1.6000000000e+04    6.1962185575e-02    8.6996875000e-01
       326   -2.8525926639e+00    8.2890586487e+00   -6.4182503041e+00    3.5656576401e+00    1.1150856321e+00   -7.5333359362e+00    1.6000000000e+04    6.2408781819e-02    8.7543750000e-01
       327   -2.8462981748e+00    8.2559006856e+00   -6.5498251909e+00    3.7035270161e+00    1.1233191439e+00   -7.6731443348e+00    1.6000000000e+04    6.2172375006e-02    8.6903125000e-01
       328   -2.8371286255e+00    8.2046110793e+00   -6.3780264090e+00    3.5408977835e+00    1.1487264294e+00   -7.5267528384e+00    1.6000000000e+04    6.2349160125e-02    8.7196875000e-01
       329   -2.8265551306e+00    8.1426034536e+00   -6.4690066566e+00    3.6424515260e+00    1.1561480142e+00   -7.6251546709e+00    1.6000000000e+04    6.3389850756e-02    8.7068750000e-01
       330   -2.8385402161e+00    8.2093038726e+00   -6.4945375929e+00    3.6559973768e+00    1.1296667520e+00   -7.6242043449e+00    1.6000000000e+04    6.2670095413e-02    8.6903125000e-01
       331   -2.8227563167e+00    8.1247248395e+00   -6.5784334565e+00    3.7556771398e+00    1.1653815958e+00   -7.7438150523e+00    1.6000000000e+04    6.2196875075e-02    8.6953125000e-01
       332   -2.8410957193e+00    8.2215264253e+00   -6.4959285308e+00    3.6548328115e+00    1.1223543963e+00   -7.6182829271e+00    1.6000000000e+04    6.2245297869e-02    8.7346875000e-01
       333   -2.8342755837e+00    8.1828523656e+00   -6.4206530853e+00    3.5863775016e+00    1.1301725292e+00   -7.5508256144e+00    1.6000000000e+04    6.2384690131e-02    8.6971875000e-01
       334   -2.8453491774e+00    8.2408236172e+00   -6.4377898639e+00    3.5924406864e+00    1.1193846262e+00   -7.5571744901e+00    1.6000000000e+04    6.2075424744e-02    8.7587500000e-01
       335   -2.8235318897e+00    8.1248587690e+00   -6.5920978055e+00    3.7685659158e+00    1.1475182403e+00   -7.7396160458e+00    1.6000000000e+04    6.2378472250e-02    8.6893750000e-01
       336   -2.8286098690e+00    8.1497731104e+00   -6.4722532572e+00    3.6436433882e+00    1.1435476101e+00   -7.6158008673e+00    1.6000000000e+04    6.2236162644e-02    8.7240625000e-01
       337   -2.8251219831e+00    8.1353519769e+00   -6.5915231113e+00    3.7664011282e+00    1.1558519081e+00   -7.7473750193e+00    1.6000000000e+04    6.2020050981e-02    8.6828125000e-01
       338   -2.8378536162e+00    8.2065543873e+00   -6.4878832358e+00    3.6500296196e+00    1.1318916331e+00   -7.6197748689e+00    1.6000000000e+04    6.2400123506e-02    8.6906250000e-01
       339   -2.8395866102e+00    8.2108178788e+00   -6.5499111100e+00    3.7103244999e+00    1.1282331498e+00   -7.6781442598e+00    1.6000000000e+04    6.2973975331e-02    8.6990625000e-01
       340   -2.8321494222e+00    8.1767817338e+00   -6.4796713339e+00    3.6475219118e+00    1.1475567439e+00   -7.6272280779e+00    1.6000000000e+04    6.1891152419e-02    8.7103125000e-01
       341   -2.8386980447e+00    8.2077941836e+00   -6.5444763228e+00    3.7057782781e+00    1.1285539396e+00   -7.6730302624e+00    1.6000000000e+04    6.2382826463e-02    8.7031250000e-01
       342   -2.8338901736e+00    8.1796442764e+00   -6.5289878297e+00    3.6950976561e+00    1.1403179882e+00   -7.6693058179e+00    1.6000000000e+04    6.2640298200e-02    8.7281250000e-01
       343   -2.8241272388e+00    8.1301245754e+00   -6.4819041870e+00    3.6577769481e+00    1.1585706926e+00   -7.6404748796e+00    1.6000000000e+04    6.2005651338e-02    8.6959375000e-01
       344   -2.8290976592e+00    8.1584481714e+00   -6.5026612860e+00    3.6735636268e+00    1.1436899112e+00   -7.6463511972e+00    1.6000000000e+04    6.2363869456e-02    8.6853125000e-01
       345   -2.8441371574e+00    8.2438686545e+00   -6.5464267493e+00    3.7022895919e+00    1.1280272362e+00   -7.6744539855e+00    1.6000000000e+04    6.2610433013e-02    8.6912500000e-01
       346   -2.8315186561e+00    8.1634964766e+00   -6.5587143216e+00    3.7271956655e+00    1.1283974151e+00   -7.6871117367e+00    1.6000000000e+04    6.2203415119e-02    8.6834375000e-01
       347   -2.8378858197e+00    8.2085385293e+00   -6.4442269008e+00    3.6063410811e+00    1.1314412564e+00   -7.5756681572e+00    1.6000000000e+04    6.2750162244e-02    8.7128125000e-01
       348   -2.8460334816e+00    8.2495856294e+00   -6.5186001597e+00    3.6725666781e+00    1.1297573826e+00   -7.6483575423e+00    1.6000000000e+04    6.2481866094e-02    8.7106250000e-01
       349   -2.8521349051e+00    8.2834085170e+00   -6.3952895258e+00    3.5431546207e+00    1.1171276978e+00   -7.5124172236e+00    1.6000000000e+04    6.3261099469e-02    8.7675000000e-01
       350   -2.8449392460e+00    8.2509883507e+00   -6.3535908049e+00    3.5086515588e+00    1.1288806400e+00   -7.4824714449e+00    1.6000000000e+04    6.2234835838e-02    8.7321875000e-01
       351   -2.8462667880e+00    8.2516887025e+00   -6.3216519637e+00    3.4753851757e+00    1.1216354805e+00   -7.4432874443e+00    1.6000000000e+04    6.2421452750e-02    8.7359375000e-01
       352   -2.8311167112e+00    8.1691848343e+00   -6.5746998014e+00    3.7435830902e+00    1.1368775987e+00   -7.7115774001e+00    1.6000000000e+04    6.1989259725e-02    8.7003125000e-01
       353   -2.8349492970e+00    8.1840739753e+00   -6.4807165287e+00    3.6457672317e+00    1.1378147542e+00   -7.6185312829e+00    1.6000000000e+04    6.2101775256e-02    8.7303125000e-01
       354   -2.8354362362e+00    8.1948989967e+00   -6.5440257961e+00    3.7085895599e+00    1.1400946832e+00   -7.6841204794e+00    1.6000000000e+04    6.2644064131e-02    8.6990625000e-01
       355   -2.8325750538e+00    8.1758642422e+00   -6.6543721595e+00    3.8217971057e+00    1.1355996885e+00   -7.7899718480e+00    1.6000000000e+04    6.2062332369e-02    8.7103125000e-01
       356   -2.8327383324e+00    8.1782902611e+00   -6.5551673043e+00    3.7224289719e+00    1.1320888936e+00   -7.6872561979e+00    1.6000000000e+04    6.2208193931e-02    8.7218750000e-01
       357   -2.8315880728e+00    8.1739410103e+00   -6.5482107660e+00    3.7166226932e+00    1.1441080164e+00   -7.6923187824e+00    1.6000000000e+04    6.2289295925e-02    8.7362500000e-01
       358   -2.8312171204e+00    8.1711647999e+00   -6.5926158626e+00    3.7613987422e+00    1.1487197752e+00   -7.7413356378e+00    1.6000000000e+04    6.2184402925e-02    8.6815625000e-01
       359   -2.8335438580e+00    8.1819055755e+00   -6.4629315868e+00    3.6293877287e+00    1.1463454192e+00   -7.6092770060e+00    1.6000000000e+04    6.3470048231e-02    8.7109375000e-01
       360   -2.8438721244e+00    8.2364174699e+00   -6.4353900369e+00    3.5915179125e+00    1.1235362035e+00   -7.5589262404e+00    1.6000000000e+04    6.2170119200e-02    8.6965625000e-01
       361   -2.8400801290e+00    8.2180842026e+00   -6.3977875628e+00    3.5577074338e+00    1.1262929650e+00   -7.5240805279e+00    1.6000000000e+04    6.2644570431e-02    8.7715625000e-01
       362   -2.8342222856e+00    8.1859112040e+00   -6.5113872359e+00    3.6771649502e+00    1.1383505746e+00   -7.6497378105e+00    1.6000000000e+04    6.2425971913e-02    8.6800000000e-01
       363   -2.8461079976e+00    8.2556577118e+00   -6.4664840457e+00    3.6203760481e+00    1.1234871756e+00   -7.5899712213e+00    1.6000000000e+04    6.2088838606e-02    8.7228125000e-01
       364   -2.8426234156e+00    8.2368412627e+00   -6.6588180651e+00    3.8161946495e+00    1.1296320172e+00   -7.7884500823e+00    1.6000000000e+04    6.2164193106e-02    8.6878125000e-01
       365   -2.8296614963e+00    8.1616267500e+00   -6.5745574325e+00    3.7448959362e+00    1.1326956984e+00   -7.7072531309e+00    1.6000000000e+04    6.2615672456e-02    8.6859375000e-01
       366   -2.8210537629e+00    8.1144430724e+00   -6.5436589052e+00    3.7226051423e+00    1.1637391039e+00   -7.7073980091e+00    1.6000000000e+04    6.2556687325e-02    8.6728125000e-01
       367   -2.8329832046e+00    8.1835058567e+00   -6.5199705263e+00    3.6869873217e+00    1.1462940563e+00   -7.6662645826e+00    1.6000000000e+04    6.2310236019e-02    8.6812500000e-01
       368   -2.8304302544e+00    8.1620134681e+00   -6.5452590093e+00    3.7148287550e+00    1.1502708894e+00   -7.6955298987e+00    1.6000000000e+04    6.2230331194e-02    8.7090625000e-01
       369   -2.8401852780e+00    8.2219145428e+00   -6.5875572665e+00    3.7473719884e+00    1.1350867717e+00   -7.7226440382e+00    1.6000000000e+04    6.2972191406e-02    8.7053125000e-01
       370   -2.8606351678e+00    8.3389903962e+00   -6.4372797153e+00    3.5766445475e+00    1.0938871833e+00   -7.5311668985e+00    1.6000000000e+04    6.2141564944e-02    8.7353125000e-01
       371   -2.8234114322e+00    8.1239818840e+00   -6.5904024763e+00    3.7669910441e+00    1.1457136966e+00   -7.7361161729e+00    1.6000000000e+04    6.2098233613e-02    8.6909375000e-01
       372   -2.8436074940e+00    8.2387813360e+00   -6.4900880817e+00    3.6464805876e+00    1.1377280028e+00   -7.6278160845e+00    1.6000000000e+04    6.2521033438e-02    8.7196875000e-01
       373   -2.8580657496e+00    8.3265771385e+00   -6.4442782968e+00    3.5862125472e+00    1.1245453648e+00   -7.5688236617e+00    1.6000000000e+04    6.2340237775e-02    8.7112500000e-01
       374   -2.8445412900e+00    8.2451413275e+00   -6.3883874921e+00    3.5438462021e+00    1.1322459686e+00   -7.5206334607e+00    1.6000000000e+04    6.2407071144e-02    8.7268750000e-01
       375   -2.8342846387e+00    8.1853596244e+00   -6.5520931284e+00    3.7178084898e+00    1.1236781380e+00   -7.6757712665e+00    1.6000000000e+04    6.2515312169e-02    8.6928125000e-01
       376   -2.8509698619e+00    8.2805452052e+00   -6.5035468490e+00    3.6525769870e+00    1.1158798304e+00   -7.6194266793e+00    1.6000000000e+04    6.2514086956e-02    8.6959375000e-01
       377   -2.8366565353e+00    8.1969732675e+00   -6.5290869997e+00    3.6924304644e+00    1.1306273785e+00   -7.6597143782e+00    1.6000000000e+04    6.2323484856e-02    8.7287500000e-01
       378   -2.8465031637e+00    8.2560043355e+00   -6.5161610650e+00    3.6696579013e+00    1.1252423318e+00   -7.6414033968e+00    1.6000000000e+04    6.2428516138e-02    8.7237500000e-01
       379   -2.8447930872e+00    8.2468935004e+00   -6.5083303998e+00    3.6635373126e+00    1.1241041756e+00   -7.6324345754e+00    1.6000000000e+04    6.3050932756e-02    8.7115625000e-01
       380   -2.8371159646e+00    8.2056333164e+00   -6.5306192824e+00    3.6935033179e+00    1.1323167867e+00   -7.6629360691e+00    1.6000000000e+04    6.2413951956e-02    8.7040625000e-01
       381   -2.8440315038e+00    8.2345628470e+00   -6.4467550850e+00    3.6027235812e+00    1.1146851625e+00   -7.5614402476e+00    1.6000000000e+04    6.2097539300e-02    8.7150000000e-01
       382   -2.8340789552e+00    8.1812893721e+00   -6.4835782122e+00    3.6494992570e+00    1.1367660660e+00   -7.6203442782e+00    1.6000000000e+04    6.2872539325e-02    8.7146875000e-01
       383   -2.8423195225e+00    8.2309619576e+00   -6.5485905138e+00    3.7062709913e+00    1.1234780440e+00   -7.6720685577e+00    1.6000000000e+04    6.2207828094e-02    8.7390625000e-01
       384   -2.8460336722e+00    8.2576962638e+00   -6.5489248915e+00    3.7028912192e+00    1.1194697201e+00   -7.6683946116e+00    1.6000000000e+04    6.2112843931e-02    8.6881250000e-01
       385   -2.8288694012e+00    8.1676670351e+00   -6.5705483370e+00    3.7416789358e+00    1.1527887681e+00   -7.7233371051e+00    1.6000000000e+04    6.2139875081e-02    8.7203125000e-01
       386   -2.8412870147e+00    8.2263426762e+00   -6.5628595205e+00    3.7215725059e+00    1.1356312419e+00   -7.6984907625e+00    1.6000000000e+04    6.2177198050e-02    8.6878125000e-01
       387   -2.8359508949e+00    8.1926680221e+00   -6.4163014350e+00    3.5803505401e+00    1.1371188145e+00   -7.5534202495e+00    1.6000000000e+04    6.2142459281e-02    8.7146875000e-01
       388   -2.8263917825e+00    8.1420724765e+00   -6.5461708496e+00    3.7197790671e+00    1.1459145221e+00   -7.6920853717e+00    1.6000000000e+04    6.2139778156e-02    8.6784375000e-01
       389   -2.8281183778e+00    8.1472895709e+00   -6.6008761885e+00    3.7727578107e+00    1.1462565848e+00   -7.7471327733e+00    1.6000000000e+04    6.3123139200e-02    8.7040625000e-01
       390   -2.8299656404e+00    8.1541645137e+00   -6.4692704296e+00    3.6393047892e+00    1.1429082628e+00   -7.6121786925e+00    1.6000000000e+04    6.2385885538e-02    8.7084375000e-01
       391   -2.8214423205e+00    8.1108077344e+00   -6.4530721916e+00    3.6316298711e+00    1.1643046064e+00   -7.6173767981e+00    1.6000000000e+04    6.2752185075e-02    8.7240625000e-01
       392   -2.8385356256e+00    8.2047560531e+00   -6.4758663979e+00    3.6373307723e+00    1.1319585538e+00   -7.6078249517e+00    1.6000000000e+04    6.2636102094e-02    8.7300000000e-01
       393   -2.8438414160e+00    8.2335825887e+00   -6.3961952657e+00    3.5523538496e+00    1.1204249847e+00   -7.5166202504e+00    1.6000000000e+04    6.2427793950e-02    8.7684375000e-01
       394   -2.8297966206e+00    8.1594783631e+00   -6.5772107145e+00    3.7474140939e+00    1.1504042810e+00   -7.7276149955e+00    1.6000000000e+04    6.2100815525e-02    8.7106250000e-01
       395   -2.8421543772e+00    8.2307626707e+00   -6.4239322104e+00    3.5817778332e+00    1.1335321843e+00   -7.5574643947e+00    1.6000000000e+04    6.2295546469e-02    8.6915625000e-01
       396   -2.8298120326e+00    8.1580329414e+00   -6.6309130330e+00    3.8011010005e+00    1.1494486747e+00   -7.7803617077e+00    1.6000000000e+04    6.2836081263e-02    8.6953125000e-01
       397   -2.8367803462e+00    8.1996567607e+00   -6.4906315129e+00    3.6538511667e+00    1.1421599346e+00   -7.6327914475e+00    1.6000000000e+04    6.2122195763e-02    8.6915625000e-01
       398   -2.8414804669e+00    8.2232600649e+00   -6.3993423067e+00    3.5578618398e+00    1.1313249823e+00   -7.5306672889e+00    1.6000000000e+04    6.2117056481e-02    8.7603125000e-01
       399   -2.8360129058e+00    8.1963346642e+00   -6.5972380855e+00    3.7612251798e+00    1.1360813279e+00   -7.7333194134e+00    1.6000000000e+04    6.3020526138e-02    8.6637500000e-01
       400   -2.8302793543e+00    8.1644396783e+00   -6.6560411717e+00    3.8257618173e+00    1.1477862605e+00   -7.8038274321e+00    1.6000000000e+04    6.2411952263e-02    8.6603125000e-01
       401   -2.8478558124e+00    8.2648048488e+00   -6.4267899650e+00    3.5789341526e+00    1.1289713707e+00   -7.5557613356e+00    1.6000000000e+04    6.2213287700e-02    8.7362500000e-01
       402   -2.8465486663e+00    8.2545546072e+00   -6.4948335083e+00    3.6482848419e+00    1.1142961263e+00   -7.6091296346e+00    1.6000000000e+04    6.2443234312e-02    8.7362500000e-01
       403   -2.8292542611e+00    8.1524576597e+00   -6.5726158214e+00    3.7433615602e+00    1.1481600803e+00   -7.7207759017e+00    1.6000000000e+04    6.2171057488e-02    8.7112500000e-01
       404   -2.8107824895e+00    8.0582268221e+00   -6.7533403779e+00    3.9425578884e+00    1.1777999049e+00   -7.9311402828e+00    1.6000000000e+04    6.2169310019e-02    8.6668750000e-01
       405   -2.8286941434e+00    8.1552631392e+00   -6.5331338472e+00    3.7044397039e+00    1.1429019702e+00   -7.6760358174e+00    1.6000000000e+04    6.2281914069e-02    8.7418750000e-01
       406   -2.8314658371e+00    8.1657523636e+00   -6.5669690313e+00    3.7355031943e+00    1.1418890453e+00   -7.7088580767e+00    1.6000000000e+04    6.2443157106e-02    8.6787500000e-01
       407   -2.8269250294e+00    8.1396117008e+00   -6.6915053403e+00    3.8645803109e+00    1.1415772034e+00   -7.8330825437e+00    1.6000000000e+04    6.2101197994e-02    8.6903125000e-01
       408   -2.8446342597e+00    8.2430114403e+00   -6.3950763011e+00    3.5504420415e+00    1.1224950247e+00   -7.5175713259e+00    1.6000000000e+04    6.2060934375e-02    8.7415625000e-01
       409   -2.8407997865e+00    8.2255977807e+00   -6.4082382060e+00    3.5674384195e+00    1.1336461396e+00   -7.5418843456e+00    1.6000000000e+04    6.3040568531e-02    8.7496875000e-01
       410   -2.8476816568e+00    8.2658293708e+00   -6.5707250649e+00    3.7230434081e+00    1.1307371855e+00   -7.7014622505e+00    1.6000000000e+04    6.2692542519e-02    8.7137500000e-01
       411   -2.8387613594e+00    8.2165686495e+00   -6.4251554303e+00    3.5863940710e+00    1.1424928053e+00   -7.5676482357e+00    1.6000000000e+04    6.1828109906e-02    8.7259375000e-01
       412   -2.8420350678e+00    8.2335266106e+00   -6.4443965202e+00    3.6023614524e+00    1.1298185558e+00   -7.5742150760e+00    1.6000000000e+04    6.2188394525e-02    8.7184375000e-01
       413   -2.8336075866e+00    8.1788791348e+00   -6.4392118614e+00    3.6056042748e+00    1.1339485571e+00   -7.5731604185e+00    1.6000000000e+04    6.2641234688e-02    8.7268750000e-01
       414   -2.8325995310e+00    8.1739299287e+00   -6.6199784794e+00    3.7873789483e+00    1.1382079488e+00   -7.7581864281e+00    1.6000000000e+04    6.2229696719e-02    8.6859375000e-01
       415   -2.8246593970e+00    8.1293681878e+00   -6.5302968420e+00    3.7056374450e+00    1.1532046627e+00   -7.6835015047e+00    1.6000000000e+04    6.2422539163e-02    8.7006250000e-01
       416   -2.8223672025e+00    8.1149533966e+00   -6.5992710867e+00    3.7769038842e+00    1.1595881654e+00   -7.7588592520e+00    1.6000000000e+04    6.2324901488e-02    8.6643750000e-01
       417   -2.8489245684e+00    8.2630331304e+00   -6.5305603828e+00    3.6816358144e+00    1.1088076201e+00   -7.6393680029e+00    1.6000000000e+04    6.2120803056e-02    8.7409375000e-01
       418   -2.8294467549e+00    8.1592461302e+00   -6.5310263570e+00    3.7015796021e+00    1.1466107944e+00   -7.6776371514e+00    1.6000000000e+04    6.2523575600e-02    8.7125000000e-01
       419   -2.8396685401e+00    8.2163586117e+00   -6.4249357374e+00    3.5852671973e+00    1.1378246737e+00   -7.5627604112e+00    1.6000000000e+04    6.3124741694e-02    8.7259375000e-01
       420   -2.8181915972e+00    8.0975737290e+00   -6.7167709182e+00    3.8985793210e+00    1.1550896222e+00   -7.8718605404e+00    1.6000000000e+04    6.2108319238e-02    8.6628125000e-01
       421   -2.8449957466e+00    8.2404514560e+00   -6.4921587135e+00    3.6471629669e+00    1.1230346509e+00   -7.6151933644e+00    1.6000000000e+04    6.2215807012e-02    8.7371875000e-01
       422   -2.8502632332e+00    8.2744949738e+00   -6.3810585314e+00    3.5307952982e+00    1.1204929214e+00   -7.5015514528e+00    1.6000000000e+04    6.2395411494e-02    8.7315625000e-01
       423   -2.8220295248e+00    8.1175334441e+00   -6.4893258711e+00    3.6672963463e+00    1.1611150339e+00   -7.6504409050e+00    1.6000000000e+04    6.2180806463e-02    8.6671875000e-01
       424   -2.8532777154e+00    8.2874850078e+00   -6.4543060563e+00    3.6010283410e+00    1.1085742908e+00   -7.5628803471e+00    1.6000000000e+04    6.2125781581e-02    8.7040625000e-01
       425   -2.8468909402e+00    8.2545940415e+00   -6.4578375125e+00    3.6109465723e+00    1.1234187384e+00   -7.5812562510e+00    1.6000000000e+04    6.2389500231e-02    8.7240625000e-01
       426   -2.8486826558e+00    8.2683750780e+00   -6.5478216836e+00    3.6991390278e+00    1.1212263248e+00   -7.6690480084e+00    1.6000000000e+04    6.2026620056e-02    8.7228125000e-01
       427   -2.8369369590e+00    8.2001769062e+00   -6.4759615155e+00    3.6390245565e+00    1.1365037470e+00   -7.6124652625e+00    1.6000000000e+04    6.1931441488e-02    8.7234375000e-01
       428   -2.8294666161e+00    8.1585790308e+00   -6.6005193877e+00    3.7710527716e+00    1.1486459792e+00   -7.7491653669e+00    1.6000000000e+04    6.2233513181e-02    8.7281250000e-01
       429   -2.8436338949e+00    8.2339586989e+00   -6.4105206283e+00    3.5668867333e+00    1.1243022396e+00   -7.5348228679e+00    1.6000000000e+04    6.3047983162e-02    8.7306250000e-01
       430   -2.8291278182e+00    8.1542612896e+00   -6.6331225982e+00    3.8039947801e+00    1.1493987204e+00   -7.7825213186e+00    1.6000000000e+04    6.2231559894e-02    8.7209375000e-01
       431   -2.8519495290e+00    8.2856961125e+00   -6.5024128281e+00    3.6504632991e+00    1.1088165980e+00   -7.6112294261e+00    1.6000000000e+04    6.2233895012e-02    8.7309375000e-01
       432   -2.8364839122e+00    8.1969050804e+00   -6.4348409215e+00    3.5983570093e+00    1.1538182712e+00   -7.5886591926e+00    1.6000000000e+04    6.2135723863e-02    8.7156250000e-01
       433   -2.8251747031e+00    8.1301501996e+00   -6.4627884307e+00    3.6376137276e+00    1.1426068571e+00   -7.6053952878e+00    1.6000000000e+04    6.2411581825e-02    8.6884375000e-01
       434   -2.8384742335e+00    8.2074390788e+00   -6.4872386673e+00    3.6487644338e+00    1.1367334021e+00   -7.6239720694e+00    1.6000000000e+04    6.2486322919e-02    8.7112500000e-01
       435   -2.8219043930e+00    8.1168586031e+00   -6.6513266843e+00    3.8294222914e+00    1.1436748013e+00   -7.7950014856e+00    1.6000000000e+04    6.2196877681e-02    8.6693750000e-01
       436   -2.8278962685e+00    8.1452927400e+00   -6.5658219859e+00    3.7379257174e+00    1.1379612398e+00   -7.7037832257e+00    1.6000000000e+04    6.2452060050e-02    8.6912500000e-01
       437   -2.8507632108e+00    8.2818225970e+00   -6.4637224771e+00    3.6129592664e+00    1.1107877316e+00   -7.5745102087e+00    1.6000000000e+04    6.2465792788e-02    8.7178125000e-01
       438   -2.8478340371e+00    8.2673192258e+00   -6.4376211947e+00    3.5897871576e+00    1.1289805002e+00   -7.5666016949e+00    1.6000000000e+04    6.2554992775e-02    8.7346875000e-01
       439   -2.8264323955e+00    8.1439156033e+00   -6.6382807580e+00    3.8118483625e+00    1.1461516800e+00   -7.7844324380e+00    1.6000000000e+04    6.3165684625e-02    8.6631250000e-01
       440   -2.8567503730e+00    8.3141625438e+00   -6.3502902346e+00    3.4935398616e+00    1.1077118148e+00   -7.4580020493e+00    1.6000000000e+04    6.2652723288e-02    8.7518750000e-01
       441   -2.8215041790e+00    8.1129366657e+00   -6.4850703604e+00    3.6635661814e+00    1.1584400083e+00   -7.6435103687e+00    1.6000000000e+04    6.2022187638e-02    8.6928125000e-01
       442   -2.8355981835e+00    8.1950473784e+00   -6.5222692632e+00    3.6866710797e+00    1.1341330888e+00   -7.6564023520e+00    1.6000000000e+04    6.2394867906e-02    8.6828125000e-01
       443   -2.8329993230e+00    8.1817419521e+00   -6.6519083359e+00    3.8189090129e+00    1.1523141592e+00   -7.8042224951e+00    1.6000000000e+04    6.2403866513e-02    8.6575000000e-01
       444   -2.8449023624e+00    8.2486058325e+00   -6.4821867499e+00    3.6372843875e+00    1.1299578135e+00   -7.6121445634e+00    1.6000000000e+04    6.2659867125e-02    8.7287500000e-01
       445   -2.8365861227e+00    8.1988187020e+00   -6.5659715094e+00    3.7293853867e+00    1.1336703289e+00   -7.6996418383e+00    1.6000000000e+04    6.2348441031e-02    8.7221875000e-01
       446   -2.8457373390e+00    8.2496465835e+00   -6.3255146198e+00    3.4797772808e+00    1.1209668876e+00   -7.4464815074e+00    1.6000000000e+04    6.2397984506e-02    8.7368750000e-01
       447   -2.8343623638e+00    8.1827884221e+00   -6.3889505293e+00    3.5545881656e+00    1.1359072818e+00   -7.5248578112e+00    1.6000000000e+04    6.2470622081e-02    8.7050000000e-01
       448   -2.8390431793e+00    8.2146278619e+00   -6.4677955771e+00    3.6287523978e+00    1.1328859710e+00   -7.6006815481e+00    1.6000000000e+04    6.2387395163e-02    8.7050000000e-01
       449   -2.8371422324e+00    8.1992151049e+00   -6.4019922324e+00    3.5648500000e+00    1.1444663026e+00   -7.5464585349e+00    1.6000000000e+04    6.3188821169e-02    8.7165625000e-01
       450   -2.8394344098e+00    8.2196311157e+00   -6.7390709754e+00    3.8996365656e+00    1.1297220408e+00   -7.8687930162e+00    1.6000000000e+04    6.2600819475e-02    8.6784375000e-01
       451   -2.8401202986e+00    8.2094029636e+00   -6.3934637296e+00    3.5533434310e+00    1.1177495002e+00   -7.5112132297e+00    1.6000000000e+04    6.2610683719e-02    8.7425000000e-01
       452   -2.8292961653e+00    8.1520671359e+00   -6.6417653123e+00    3.8124691470e+00    1.1342376638e+00   -7.7760029760e+00    1.6000000000e+04    6.2129176931e-02    8.6803125000e-01
       453   -2.8419680337e+00    8.2319122752e+00   -6.4289575369e+00    3.5869895032e+00    1.1333789108e+00   -7.5623364477e+00    1.6000000000e+04    6.2039007369e-02    8.7403125000e-01
       454   -2.8525906740e+00    8.2921280724e+00   -6.3608873588e+00    3.5082966849e+00    1.1226721752e+00   -7.4835595341e+00    1.6000000000e+04    6.2375863463e-02    8.7109375000e-01
       455   -2.8226894449e+00    8.1212520259e+00   -6.5864059882e+00    3.7637165434e+00    1.1476711600e+00   -7.7340771482e+00    1.6000000000e+04    6.2359940006e-02    8.6653125000e-01
       456   -2.8587104205e+00    8.3261944479e+00   -6.5045591865e+00    3.6458487660e+00    1.1005234646e+00   -7.6050826511e+00    1.6000000000e+04    6.2384113881e-02    8.7115625000e-01
       457   -2.8475791224e+00    8.2603816919e+00   -6.5289734003e+00    3.6813942779e+00    1.1223914615e+00   -7.6513648618e+00    1.6000000000e+04    6.2357019413e-02    8.6987500000e-01
       458   -2.8174475215e+00    8.0926403777e+00   -6.6263420370e+00    3.8088945156e+00    1.1658715386e+00   -7.7922135757e+00    1.6000000000e+04    6.2281264794e-02    8.7181250000e-01
       459   -2.8430070518e+00    8.2341797236e+00   -6.4901749277e+00    3.6471678759e+00    1.1210737647e+00   -7.6112486924e+00    1.6000000000e+04    6.3101906213e-02    8.7403125000e-01
       460   -2.8317473670e+00    8.1700547447e+00   -6.4386368547e+00    3.6068894877e+00    1.1429743944e+00   -7.5816112491e+00    1.6000000000e+04    6.2533120444e-02    8.7343750000e-01
       461   -2.8488779980e+00    8.2649399267e+00   -6.4953101928e+00    3.6464321947e+00    1.1214117951e+00   -7.6167219878e+00    1.6000000000e+04    6.2176068038e-02    8.7546875000e-01
       462   -2.8211707993e+00    8.1143257293e+00   -6.5914997815e+00    3.7703289822e+00    1.1514287589e+00   -7.7429285405e+00    1.6000000000e+04    6.2254131731e-02    8.6868750000e-01
       463   -2.8554417676e+00    8.3080700866e+00   -6.3128193191e+00    3.4573775515e+00    1.1100939880e+00   -7.4229133071e+00    1.6000000000e+04    6.2160959019e-02    8.7496875000e-01
       464   -2.8217045602e+00    8.1196253444e+00   -6.4636479483e+00    3.6419433881e+00    1.1657155699e+00   -7.6293635182e+00    1.6000000000e+04    6.2195533775e-02    8.7362500000e-01
       465   -2.8337628357e+00    8.1796430943e+00   -6.5955286228e+00    3.7617657871e+00    1.1370599784e+00   -7.7325886012e+00    1.6000000000e+04    6.1967485544e-02    8.6975000000e-01
       466   -2.8366834403e+00    8.1974497074e+00   -6.4980231669e+00    3.6613397266e+00    1.1345721790e+00   -7.6325953459e+00    1.6000000000e+04    6.2623391656e-02    8.6918750000e-01
       467   -2.8374901697e+00    8.2056142462e+00   -6.5262988781e+00    3.6888087084e+00    1.1336228640e+00   -7.6599217421e+00    1.6000000000e+04    6.2463634613e-02    8.7143750000e-01
       468   -2.8311530233e+00    8.1648987476e+00   -6.5904075158e+00    3.7592544926e+00    1.1454225619e+00   -7.7358300778e+00    1.6000000000e+04    6.2118156156e-02    8.7218750000e-01
       469   -2.8416858846e+00    8.2286520212e+00   -6.3153586317e+00    3.4736727472e+00    1.1294646684e+00   -7.4448233002e+00    1.6000000000e+04    6.3002913356e-02    8.6912500000e-01
       470   -2.8328469113e+00    8.1783818376e+00   -6.5036828186e+00    3.6708359072e+00    1.1419964054e+00   -7.6456792240e+00    1.6000000000e+04    6.2365045119e-02    8.6934375000e-01
       471   -2.8288350051e+00    8.1540359936e+00   -6.5005874756e+00    3.6717524706e+00    1.1515649687e+00   -7.6521524443e+00    1.6000000000e+04    6.2114650406e-02    8.7040625000e-01
       472   -2.8508514120e+00    8.2785766986e+00   -6.5771076562e+00    3.7262562441e+00    1.1189283920e+00   -7.6960360481e+00    1.6000000000e+04    6.2201581031e-02    8.7221875000e-01
       473   -2.8505045836e+00    8.2726793624e+00   -6.4633014351e+00    3.6127968515e+00    1.1146254857e+00   -7.5779269208e+00    1.6000000000e+04    6.2528054219e-02    8.7453125000e-01
       474   -2.8334774795e+00    8.1808360197e+00   -6.6335534983e+00    3.8000760188e+00    1.1380997513e+00   -7.7716532496e+00    1.6000000000e+04    6.2189644175e-02    8.7315625000e-01
       475   -2.8359647895e+00    8.1921310019e+00   -6.4130152366e+00    3.5770504471e+00    1.1360624186e+00   -7.5490776552e+00    1.6000000000e+04    6.2334902163e-02    8.7240625000e-01
       476   -2.8246072992e+00    8.1282521834e+00   -6.5062330879e+00    3.6816257888e+00    1.1429363613e+00   -7.6491694492e+00    1.6000000000e+04    6.2551298250e-02    8.7153125000e-01
       477   -2.8257120023e+00    8.1376445471e+00   -6.5122003936e+00    3.6864883913e+00    1.1488186594e+00   -7.6610190530e+00    1.6000000000e+04    6.2016978594e-02    8.6753125000e-01
       478   -2.8296296055e+00    8.1557655632e+00   -6.4139387771e+00    3.5843091715e+00    1.1392121093e+00   -7.5531508863e+00    1.6000000000e+04    6.2180352088e-02    8.7256250000e-01
       479   -2.8223496060e+00    8.1224593649e+00   -6.8288198330e+00    4.0064702270e+00    1.1551296793e+00   -7.9839495123e+00    1.6000000000e+04    6.3140729056e-02    8.6796875000e-01
       480   -2.8322495544e+00    8.1717820205e+00   -6.6233447407e+00    3.7910951863e+00    1.1411362750e+00   -7.7644810156e+00    1.6000000000e+04    6.2632822850e-02    8.7340625000e-01
       481   -2.8473191577e+00    8.2577578954e+00   -6.4383087887e+00    3.5909896311e+00    1.1165013158e+00   -7.5548101046e+00    1.6000000000e+04    6.2210457319e-02    8.7450000000e-01
       482   -2.8282868050e+00    8.1450172536e+00   -6.4357811236e+00    3.6074943187e+00    1.1475494131e+00   -7.5833305367e+00    1.6000000000e+04    6.2301669238e-02    8.7275000000e-01
       483   -2.8262966550e+00    8.1393704428e+00   -6.5483391779e+00    3.7220425229e+00    1.1411617714e+00   -7.6895009493e+00    1.6000000000e+04    6.2494649369e-02    8.7212500000e-01
       484   -2.8422488777e+00    8.2343851197e+00   -6.5109722126e+00    3.6687233350e+00    1.1360295332e+00   -7.6470017459e+00    1.6000000000e+04    6.2177030613e-02    8.7175000000e-01
       485   -2.8380747977e+00    8.2097862779e+00   -6.6005351214e+00    3.7624603236e+00    1.1229843318e+00   -7.7235194531e+00    1.6000000000e+04    6.2304157075e-02    8.6796875000e-01
       486   -2.8400229400e+00    8.2140611310e+00   -6.3912526445e+00    3.5512297044e+00    1.1295515333e+00   -7.5208041778e+00    1.6000000000e+04    6.2225389600e-02    8.7243750000e-01
       487   -2.8260392256e+00    8.1392834498e+00   -6.4691126133e+00    3.6430733876e+00    1.1478348210e+00   -7.6169474343e+00    1.6000000000e+04    6.2086491281e-02    8.7153125000e-01
       488   -2.8275396537e+00    8.1400428626e+00   -6.4819340771e+00    3.6543944234e+00    1.1331729439e+00   -7.6151070210e+00    1.6000000000e+04    6.2199720375e-02    8.7071875000e-01
       489   -2.8333659540e+00    8.1843685077e+00   -6.6680498086e+00    3.8346838546e+00    1.1411975171e+00   -7.8092473257e+00    1.6000000000e+04    6.2980533006e-02    8.6775000000e-01
       490   -2.8231185363e+00    8.1283674070e+00   -6.6765181563e+00    3.8533996200e+00    1.1706672317e+00   -7.8471853880e+00    1.6000000000e+04    6.2389950419e-02    8.7209375000e-01
       491   -2.8245015467e+00    8.1273543965e+00   -6.5589969598e+00    3.7344954131e+00    1.1456654777e+00   -7.7046624375e+00    1.6000000000e+04    6.2346821588e-02    8.7203125000e-01
       492   -2.8432922406e+00    8.2320938249e+00   -6.4240436595e+00    3.5807514189e+00    1.1226644678e+00   -7.5467081273e+00    1.6000000000e+04    6.2075885494e-02    8.7178125000e-01
       493   -2.8150747632e+00    8.0819126287e+00   -6.6626739183e+00    3.8475991551e+00    1.1776198847e+00   -7.8402938029e+00    1.6000000000e+04    6.2410033325e-02    8.6703125000e-01
       494   -2.8251800609e+00    8.1393679313e+00   -6.5761982918e+00    3.7510182309e+00    1.1609561542e+00   -7.7371544460e+00    1.6000000000e+04    6.2323638475e-02    8.6950000000e-01
       495   -2.8473788371e+00    8.2591912184e+00   -6.5030541850e+00    3.6556753479e+00    1.1239478475e+00   -7.6270020325e+00    1.6000000000e+04    6.2332662588e-02    8.7359375000e-01
       496   -2.8339967169e+00    8.1855708172e+00   -6.5044121821e+00    3.6704154652e+00    1.1439328634e+00   -7.6483450454e+00    1.6000000000e+04    6.2196107731e-02    8.6996875000e-01
       497   -2.8264854397e+00    8.1381654409e+00   -6.4985075189e+00    3.6720220792e+00    1.1360648448e+00   -7.6345723637e+00    1.6000000000e+04    6.2592578356e-02    8.6900000000e-01
       498   -2.8225634620e+00    8.1220810740e+00   -6.6094391865e+00    3.7868757246e+00    1.1578017060e+00   -7.7672408925e+00    1.6000000000e+04    6.2379974650e-02    8.6671875000e-01
       499   -2.8491825297e+00    8.2663336438e+00   -6.2622736212e+00    3.4130910915e+00    1.1197284123e+00   -7.3820020335e+00    1.6000000000e+04    6.3198461913e-02    8.7306250000e-01
