Timestamp (ms),Node Power (W),Socket 0 CPU Power (W),Socket 0 GPU Power (W),Socket 0 Mem Power (W),Socket 1 CPU Power (W),Socket 1 GPU Power (W),Socket 1 Mem Power (W)
1696452338876, 379.000000, 101.000000, 67.000000, 19.000000,81.000000, 67.000000, 19.000000
1696452338908, 408.000000, 105.000000, 68.000000, 20.000000,109.000000, 67.000000, 20.000000
1696452338958, 407.000000, 108.000000, 69.000000, 21.000000,106.000000, 67.000000, 21.000000
1696452339009, 406.000000, 107.000000, 68.000000, 22.000000,99.000000, 67.000000, 21.000000
1696452339059, 406.000000, 106.000000, 68.000000, 21.000000,100.000000, 67.000000, 22.000000
1696452339107, 416.000000, 113.000000, 69.000000, 24.000000,110.000000, 67.000000, 22.000000
1696452339157, 404.000000, 106.000000, 69.000000, 21.000000,104.000000, 68.000000, 20.000000
1696452339208, 403.000000, 109.000000, 69.000000, 20.000000,101.000000, 67.000000, 20.000000
1696452339256, 387.000000, 103.000000, 68.000000, 20.000000,100.000000, 67.000000, 20.000000
1696452339307, 390.000000, 102.000000, 69.000000, 20.000000,100.000000, 68.000000, 20.000000
1696452339357, 394.000000, 101.000000, 68.000000, 20.000000,99.000000, 67.000000, 20.000000
1696452339406, 401.000000, 103.000000, 69.000000, 20.000000,99.000000, 68.000000, 20.000000
1696452339474, 381.000000, 101.000000, 69.000000, 20.000000,95.000000, 67.000000, 20.000000
1696452339531, 607.000000, 212.000000, 69.000000, 20.000000,210.000000, 67.000000, 20.000000
1696452339564, 563.000000, 187.000000, 69.000000, 20.000000,187.000000, 67.000000, 20.000000
1696452339607, 458.000000, 124.000000, 68.000000, 20.000000,129.000000, 67.000000, 20.000000
1696452339673, 605.000000, 171.000000, 68.000000, 21.000000,176.000000, 67.000000, 20.000000
1696452339707, 605.000000, 171.000000, 68.000000, 21.000000,176.000000, 67.000000, 20.000000
1696452339759, 401.000000, 110.000000, 68.000000, 20.000000,107.000000, 67.000000, 20.000000
1696452339809, 397.000000, 106.000000, 69.000000, 21.000000,105.000000, 67.000000, 21.000000
1696452339875, 618.000000, 211.000000, 68.000000, 21.000000,213.000000, 67.000000, 20.000000
1696452339923, 605.000000, 210.000000, 68.000000, 20.000000,211.000000, 67.000000, 20.000000
1696452339981, 601.000000, 211.000000, 68.000000, 21.000000,208.000000, 67.000000, 20.000000
1696452340020, 609.000000, 211.000000, 68.000000, 21.000000,210.000000, 67.000000, 21.000000
1696452340060, 607.000000, 216.000000, 68.000000, 21.000000,209.000000, 67.000000, 20.000000
1696452340112, 401.000000, 88.000000, 68.000000, 20.000000,99.000000, 67.000000, 20.000000
1696452340173, 388.000000, 89.000000, 68.000000, 20.000000,84.000000, 67.000000, 20.000000
1696452340223, 610.000000, 212.000000, 68.000000, 20.000000,212.000000, 67.000000, 20.000000
1696452340273, 465.000000, 91.000000, 68.000000, 20.000000,149.000000, 67.000000, 21.000000
1696452340338, 612.000000, 212.000000, 68.000000, 20.000000,213.000000, 67.000000, 20.000000
1696452340370, 598.000000, 210.000000, 69.000000, 20.000000,214.000000, 67.000000, 20.000000
1696452340421, 605.000000, 213.000000, 69.000000, 20.000000,212.000000, 67.000000, 20.000000
1696452340519, 607.000000, 212.000000, 69.000000, 20.000000,216.000000, 67.000000, 20.000000
1696452340579, 612.000000, 211.000000, 69.000000, 20.000000,213.000000, 67.000000, 20.000000
1696452340614, 379.000000, 89.000000, 68.000000, 20.000000,87.000000, 67.000000, 20.000000
1696452340681, 620.000000, 212.000000, 69.000000, 20.000000,214.000000, 67.000000, 20.000000
1696452340731, 392.000000, 89.000000, 69.000000, 20.000000,92.000000, 68.000000, 20.000000
1696452340782, 601.000000, 211.000000, 69.000000, 20.000000,213.000000, 67.000000, 20.000000
1696452340830, 616.000000, 212.000000, 68.000000, 20.000000,214.000000, 67.000000, 20.000000
1696452340882, 607.000000, 211.000000, 68.000000, 20.000000,220.000000, 67.000000, 20.000000
1696452340949, 620.000000, 213.000000, 69.000000, 21.000000,218.000000, 67.000000, 20.000000
1696452340981, 623.000000, 212.000000, 68.000000, 20.000000,222.000000, 67.000000, 21.000000
1696452341051, 413.000000, 163.000000, 69.000000, 20.000000,179.000000, 67.000000, 20.000000
1696452341103, 616.000000, 213.000000, 69.000000, 20.000000,221.000000, 67.000000, 20.000000
1696452341170, 441.000000, 89.000000, 69.000000, 20.000000,152.000000, 67.000000, 20.000000
1696452341202, 609.000000, 211.000000, 69.000000, 20.000000,212.000000, 67.000000, 20.000000
1696452341270, 547.000000, 211.000000, 68.000000, 20.000000,212.000000, 67.000000, 20.000000
1696452341322, 607.000000, 212.000000, 69.000000, 20.000000,213.000000, 67.000000, 20.000000
1696452341373, 403.000000, 210.000000, 68.000000, 20.000000,210.000000, 66.000000, 19.000000
1696452341421, 616.000000, 188.000000, 69.000000, 20.000000,207.000000, 67.000000, 20.000000
1696452341472, 394.000000, 89.000000, 68.000000, 20.000000,93.000000, 67.000000, 20.000000
1696452341540, 614.000000, 212.000000, 69.000000, 20.000000,214.000000, 67.000000, 20.000000
1696452341572, 598.000000, 210.000000, 68.000000, 20.000000,213.000000, 66.000000, 20.000000
1696452341622, 607.000000, 213.000000, 68.000000, 20.000000,213.000000, 67.000000, 20.000000
1696452341692, 584.000000, 211.000000, 68.000000, 20.000000,213.000000, 67.000000, 20.000000
1696452341743, 612.000000, 212.000000, 68.000000, 20.000000,215.000000, 66.000000, 20.000000
1696452341801, 534.000000, 212.000000, 68.000000, 20.000000,147.000000, 67.000000, 20.000000
1696452341839, 614.000000, 212.000000, 68.000000, 20.000000,214.000000, 67.000000, 20.000000
1696452341891, 611.000000, 211.000000, 68.000000, 20.000000,214.000000, 68.000000, 20.000000
1696452341937, 375.000000, 90.000000, 68.000000, 20.000000,88.000000, 67.000000, 20.000000
1696452341988, 616.000000, 211.000000, 68.000000, 20.000000,216.000000, 67.000000, 20.000000
1696452342060, 605.000000, 137.000000, 69.000000, 21.000000,182.000000, 67.000000, 20.000000
1696452342111, 605.000000, 214.000000, 69.000000, 20.000000,206.000000, 67.000000, 20.000000
1696452342160, 613.000000, 212.000000, 68.000000, 20.000000,221.000000, 67.000000, 20.000000
1696452342192, 613.000000, 212.000000, 68.000000, 20.000000,221.000000, 67.000000, 20.000000
1696452342243, 619.000000, 212.000000, 68.000000, 20.000000,221.000000, 67.000000, 20.000000
1696452342290, 614.000000, 213.000000, 69.000000, 21.000000,221.000000, 67.000000, 20.000000
1696452342360, 616.000000, 212.000000, 68.000000, 21.000000,222.000000, 67.000000, 20.000000
1696452342409, 570.000000, 213.000000, 68.000000, 21.000000,221.000000, 67.000000, 20.000000
1696452342441, 618.000000, 213.000000, 69.000000, 20.000000,214.000000, 67.000000, 21.000000
1696452342511, 601.000000, 212.000000, 68.000000, 20.000000,213.000000, 67.000000, 20.000000
1696452342562, 605.000000, 212.000000, 69.000000, 20.000000,213.000000, 67.000000, 20.000000
1696452342613, 598.000000, 211.000000, 69.000000, 20.000000,212.000000, 67.000000, 20.000000
1696452342661, 625.000000, 212.000000, 69.000000, 20.000000,213.000000, 67.000000, 20.000000
1696452342693, 602.000000, 212.000000, 69.000000, 20.000000,211.000000, 68.000000, 20.000000
1696452342759, 634.000000, 212.000000, 68.000000, 20.000000,213.000000, 67.000000, 20.000000
1696452342811, 594.000000, 213.000000, 68.000000, 20.000000,213.000000, 68.000000, 20.000000
1696452342878, 625.000000, 213.000000, 69.000000, 20.000000,213.000000, 67.000000, 20.000000
1696452342910, 625.000000, 213.000000, 69.000000, 20.000000,213.000000, 67.000000, 20.000000
1696452342994, 607.000000, 212.000000, 69.000000, 20.000000,215.000000, 67.000000, 20.000000
1696452343032, 609.000000, 212.000000, 69.000000, 20.000000,209.000000, 67.000000, 20.000000
1696452343083, 616.000000, 213.000000, 69.000000, 20.000000,219.000000, 67.000000, 20.000000
1696452343131, 601.000000, 212.000000, 69.000000, 21.000000,214.000000, 67.000000, 20.000000
1696452343176, 381.000000, 104.000000, 67.000000, 20.000000,143.000000, 66.000000, 19.000000
1696452343208, 605.000000, 212.000000, 68.000000, 20.000000,213.000000, 68.000000, 20.000000
1696452343279, 612.000000, 213.000000, 68.000000, 20.000000,214.000000, 67.000000, 20.000000
1696452343331, 609.000000, 213.000000, 69.000000, 20.000000,214.000000, 68.000000, 20.000000
1696452343401, 600.000000, 212.000000, 69.000000, 20.000000,213.000000, 67.000000, 20.000000
1696452343453, 618.000000, 211.000000, 68.000000, 20.000000,220.000000, 67.000000, 20.000000
1696452343503, 428.000000, 90.000000, 69.000000, 20.000000,92.000000, 67.000000, 20.000000
1696452343551, 616.000000, 213.000000, 68.000000, 20.000000,222.000000, 67.000000, 20.000000
1696452343601, 620.000000, 214.000000, 69.000000, 21.000000,225.000000, 67.000000, 20.000000
1696452343672, 616.000000, 215.000000, 68.000000, 21.000000,221.000000, 67.000000, 21.000000
1696452343723, 623.000000, 213.000000, 71.000000, 20.000000,216.000000, 67.000000, 20.000000
1696452343773, 603.000000, 212.000000, 68.000000, 20.000000,213.000000, 67.000000, 20.000000
1696452343825, 386.000000, 90.000000, 69.000000, 20.000000,85.000000, 67.000000, 20.000000
1696452343881, 607.000000, 212.000000, 68.000000, 20.000000,215.000000, 67.000000, 20.000000
1696452343918, 423.000000, 91.000000, 69.000000, 21.000000,92.000000, 68.000000, 20.000000
1696452343969, 609.000000, 211.000000, 69.000000, 20.000000,218.000000, 67.000000, 20.000000
1696452344017, 605.000000, 212.000000, 69.000000, 21.000000,209.000000, 67.000000, 21.000000
1696452344080, 614.000000, 212.000000, 69.000000, 20.000000,217.000000, 67.000000, 20.000000
1696452344113, 614.000000, 212.000000, 69.000000, 20.000000,217.000000, 67.000000, 20.000000
1696452344164, 601.000000, 211.000000, 69.000000, 20.000000,213.000000, 67.000000, 20.000000
1696452344212, 609.000000, 211.000000, 69.000000, 20.000000,213.000000, 67.000000, 20.000000
1696452344279, 609.000000, 212.000000, 68.000000, 20.000000,214.000000, 67.000000, 20.000000
1696452344311, 609.000000, 212.000000, 68.000000, 20.000000,214.000000, 67.000000, 20.000000
1696452344361, 609.000000, 212.000000, 69.000000, 20.000000,215.000000, 67.000000, 20.000000
1696452344413, 605.000000, 213.000000, 69.000000, 20.000000,213.000000, 67.000000, 20.000000
1696452344481, 607.000000, 213.000000, 69.000000, 20.000000,213.000000, 67.000000, 20.000000
1696452344532, 603.000000, 213.000000, 69.000000, 20.000000,213.000000, 67.000000, 20.000000
1696452344583, 437.000000, 88.000000, 68.000000, 20.000000,80.000000, 67.000000, 20.000000
1696452344655, 605.000000, 212.000000, 69.000000, 20.000000,213.000000, 67.000000, 20.000000
1696452344706, 472.000000, 89.000000, 69.000000, 20.000000,92.000000, 67.000000, 20.000000
1696452344752, 605.000000, 212.000000, 68.000000, 20.000000,221.000000, 67.000000, 20.000000
1696452344805, 618.000000, 211.000000, 69.000000, 20.000000,219.000000, 67.000000, 20.000000
1696452344855, 611.000000, 211.000000, 68.000000, 20.000000,219.000000, 67.000000, 20.000000
1696452344920, 620.000000, 212.000000, 69.000000, 20.000000,220.000000, 67.000000, 20.000000
1696452344954, 620.000000, 212.000000, 69.000000, 20.000000,220.000000, 67.000000, 20.000000
1696452345011, 439.000000, 93.000000, 68.000000, 21.000000,96.000000, 68.000000, 21.000000
1696452345050, 604.000000, 212.000000, 69.000000, 20.000000,209.000000, 67.000000, 20.000000
1696452345101, 379.000000, 89.000000, 68.000000, 20.000000,92.000000, 67.000000, 20.000000
1696452345172, 605.000000, 210.000000, 69.000000, 20.000000,214.000000, 67.000000, 20.000000
1696452345223, 378.000000, 179.000000, 69.000000, 21.000000,142.000000, 68.000000, 20.000000
1696452345270, 609.000000, 212.000000, 68.000000, 20.000000,212.000000, 67.000000, 20.000000
1696452345321, 605.000000, 192.000000, 68.000000, 20.000000,185.000000, 67.000000, 21.000000
1696452345391, 609.000000, 217.000000, 69.000000, 20.000000,218.000000, 67.000000, 20.000000
1696452345440, 618.000000, 219.000000, 68.000000, 21.000000,213.000000, 67.000000, 21.000000
1696452345472, 618.000000, 219.000000, 68.000000, 21.000000,213.000000, 67.000000, 21.000000
1696452345520, 390.000000, 90.000000, 69.000000, 20.000000,92.000000, 68.000000, 20.000000
1696452345590, 623.000000, 212.000000, 68.000000, 21.000000,218.000000, 67.000000, 21.000000
1696452345660, 397.000000, 90.000000, 69.000000, 20.000000,98.000000, 68.000000, 20.000000
1696452345711, 615.000000, 207.000000, 68.000000, 20.000000,214.000000, 67.000000, 20.000000
1696452345769, 420.000000, 89.000000, 69.000000, 20.000000,84.000000, 68.000000, 20.000000
1696452345811, 610.000000, 212.000000, 68.000000, 20.000000,213.000000, 67.000000, 20.000000
1696452345881, 501.000000, 84.000000, 68.000000, 20.000000,147.000000, 67.000000, 20.000000
1696452345950, 614.000000, 211.000000, 68.000000, 20.000000,213.000000, 67.000000, 20.000000
1696452345999, 600.000000, 212.000000, 69.000000, 20.000000,215.000000, 67.000000, 20.000000
1696452346031, 620.000000, 212.000000, 68.000000, 20.000000,217.000000, 67.000000, 20.000000
1696452346079, 618.000000, 212.000000, 69.000000, 20.000000,221.000000, 67.000000, 20.000000
1696452346125, 615.000000, 212.000000, 68.000000, 20.000000,218.000000, 67.000000, 20.000000
1696452346176, 620.000000, 212.000000, 69.000000, 20.000000,221.000000, 67.000000, 21.000000
1696452346226, 390.000000, 90.000000, 69.000000, 20.000000,102.000000, 67.000000, 20.000000
1696452346277, 620.000000, 213.000000, 68.000000, 21.000000,222.000000, 67.000000, 20.000000
1696452346327, 614.000000, 213.000000, 69.000000, 20.000000,213.000000, 67.000000, 20.000000
1696452346377, 616.000000, 212.000000, 68.000000, 20.000000,213.000000, 67.000000, 20.000000
1696452346428, 372.000000, 91.000000, 69.000000, 21.000000,86.000000, 67.000000, 20.000000
1696452346479, 612.000000, 214.000000, 68.000000, 20.000000,213.000000, 67.000000, 20.000000
1696452346524, 614.000000, 212.000000, 68.000000, 20.000000,214.000000, 67.000000, 20.000000
1696452346577, 599.000000, 212.000000, 69.000000, 20.000000,215.000000, 68.000000, 20.000000
1696452346623, 377.000000, 99.000000, 68.000000, 20.000000,115.000000, 66.000000, 20.000000
1696452346690, 602.000000, 212.000000, 68.000000, 20.000000,213.000000, 67.000000, 20.000000
1696452346723, 390.000000, 92.000000, 69.000000, 20.000000,91.000000, 67.000000, 20.000000
1696452346772, 609.000000, 212.000000, 69.000000, 20.000000,215.000000, 67.000000, 20.000000
1696452346840, 603.000000, 212.000000, 69.000000, 20.000000,213.000000, 67.000000, 20.000000
1696452346889, 607.000000, 212.000000, 69.000000, 20.000000,214.000000, 67.000000, 20.000000
1696452346939, 458.000000, 212.000000, 68.000000, 20.000000,163.000000, 67.000000, 20.000000
1696452346971, 609.000000, 212.000000, 69.000000, 20.000000,223.000000, 67.000000, 20.000000
1696452347021, 605.000000, 212.000000, 69.000000, 20.000000,213.000000, 67.000000, 20.000000
1696452347071, 614.000000, 213.000000, 68.000000, 20.000000,214.000000, 67.000000, 20.000000
1696452347119, 607.000000, 213.000000, 69.000000, 20.000000,213.000000, 67.000000, 20.000000
1696452347170, 605.000000, 213.000000, 68.000000, 20.000000,213.000000, 67.000000, 20.000000
1696452347217, 618.000000, 212.000000, 69.000000, 20.000000,211.000000, 68.000000, 21.000000
1696452347281, 578.000000, 209.000000, 69.000000, 20.000000,207.000000, 67.000000, 20.000000
1696452347318, 610.000000, 213.000000, 69.000000, 20.000000,222.000000, 67.000000, 20.000000
1696452347366, 614.000000, 157.000000, 69.000000, 21.000000,196.000000, 67.000000, 21.000000
1696452347417, 623.000000, 212.000000, 68.000000, 20.000000,219.000000, 67.000000, 20.000000
1696452347465, 592.000000, 213.000000, 69.000000, 20.000000,216.000000, 68.000000, 21.000000
1696452347514, 620.000000, 212.000000, 68.000000, 20.000000,222.000000, 67.000000, 20.000000
1696452347562, 609.000000, 211.000000, 68.000000, 20.000000,220.000000, 66.000000, 20.000000
1696452347629, 620.000000, 213.000000, 68.000000, 20.000000,211.000000, 68.000000, 21.000000
1696452347661, 610.000000, 212.000000, 68.000000, 20.000000,213.000000, 67.000000, 20.000000
1696452347731, 616.000000, 214.000000, 69.000000, 20.000000,214.000000, 67.000000, 20.000000
1696452347763, 616.000000, 214.000000, 69.000000, 20.000000,214.000000, 67.000000, 20.000000
1696452347810, 618.000000, 213.000000, 69.000000, 20.000000,212.000000, 67.000000, 20.000000
1696452347871, 609.000000, 213.000000, 68.000000, 20.000000,212.000000, 67.000000, 20.000000
1696452347908, 378.000000, 161.000000, 68.000000, 21.000000,167.000000, 67.000000, 20.000000
1696452347971, 601.000000, 214.000000, 68.000000, 20.000000,216.000000, 67.000000, 20.000000
1696452348008, 610.000000, 214.000000, 68.000000, 20.000000,211.000000, 67.000000, 20.000000
1696452348081, 611.000000, 213.000000, 69.000000, 20.000000,213.000000, 68.000000, 20.000000
1696452348132, 609.000000, 212.000000, 68.000000, 20.000000,214.000000, 67.000000, 20.000000
1696452348183, 608.000000, 211.000000, 69.000000, 20.000000,213.000000, 67.000000, 20.000000
1696452348249, 614.000000, 212.000000, 68.000000, 20.000000,213.000000, 66.000000, 20.000000
1696452348280, 614.000000, 212.000000, 68.000000, 20.000000,213.000000, 66.000000, 20.000000
1696452348326, 607.000000, 172.000000, 69.000000, 21.000000,178.000000, 67.000000, 21.000000
1696452348377, 604.000000, 211.000000, 68.000000, 20.000000,214.000000, 67.000000, 20.000000
1696452348441, 552.000000, 211.000000, 70.000000, 20.000000,147.000000, 68.000000, 20.000000
1696452348473, 613.000000, 211.000000, 68.000000, 20.000000,214.000000, 67.000000, 20.000000
1696452348524, 607.000000, 213.000000, 69.000000, 20.000000,214.000000, 67.000000, 20.000000
1696452348573, 612.000000, 213.000000, 68.000000, 20.000000,221.000000, 67.000000, 20.000000
1696452348640, 612.000000, 212.000000, 68.000000, 20.000000,221.000000, 67.000000, 20.000000
1696452348673, 394.000000, 89.000000, 69.000000, 20.000000,97.000000, 67.000000, 20.000000
1696452348756, 609.000000, 212.000000, 69.000000, 20.000000,223.000000, 67.000000, 20.000000
1696452348794, 618.000000, 95.000000, 68.000000, 20.000000,98.000000, 67.000000, 19.000000
1696452348844, 616.000000, 215.000000, 68.000000, 20.000000,223.000000, 67.000000, 20.000000
1696452348891, 615.000000, 212.000000, 69.000000, 20.000000,214.000000, 67.000000, 20.000000
1696452348943, 603.000000, 213.000000, 69.000000, 20.000000,213.000000, 67.000000, 20.000000
1696452348993, 405.000000, 89.000000, 69.000000, 20.000000,85.000000, 67.000000, 20.000000
1696452349044, 607.000000, 212.000000, 68.000000, 20.000000,213.000000, 67.000000, 20.000000
1696452349094, 612.000000, 211.000000, 69.000000, 20.000000,213.000000, 67.000000, 20.000000
1696452349141, 607.000000, 211.000000, 69.000000, 20.000000,214.000000, 67.000000, 20.000000
1696452349192, 388.000000, 89.000000, 69.000000, 20.000000,87.000000, 67.000000, 20.000000
1696452349240, 607.000000, 211.000000, 68.000000, 20.000000,212.000000, 67.000000, 20.000000
1696452349286, 598.000000, 212.000000, 69.000000, 20.000000,214.000000, 67.000000, 20.000000
1696452349336, 607.000000, 213.000000, 68.000000, 20.000000,213.000000, 67.000000, 20.000000
1696452349387, 598.000000, 214.000000, 70.000000, 21.000000,215.000000, 67.000000, 21.000000
1696452349432, 523.000000, 91.000000, 68.000000, 20.000000,151.000000, 67.000000, 20.000000
1696452349483, 607.000000, 214.000000, 69.000000, 20.000000,213.000000, 67.000000, 20.000000
1696452349533, 614.000000, 214.000000, 68.000000, 20.000000,214.000000, 67.000000, 20.000000
1696452349601, 611.000000, 214.000000, 69.000000, 20.000000,214.000000, 67.000000, 20.000000
1696452349652, 609.000000, 215.000000, 69.000000, 20.000000,215.000000, 67.000000, 20.000000
1696452349703, 609.000000, 211.000000, 69.000000, 20.000000,214.000000, 67.000000, 20.000000
1696452349753, 445.000000, 90.000000, 69.000000, 20.000000,88.000000, 67.000000, 20.000000
1696452349817, 401.000000, 210.000000, 68.000000, 20.000000,213.000000, 67.000000, 20.000000
1696452349855, 616.000000, 212.000000, 69.000000, 20.000000,221.000000, 67.000000, 20.000000
1696452349906, 618.000000, 212.000000, 69.000000, 20.000000,220.000000, 67.000000, 20.000000
1696452349956, 556.000000, 91.000000, 68.000000, 20.000000,162.000000, 67.000000, 20.000000
1696452350008, 613.000000, 212.000000, 69.000000, 20.000000,101.000000, 67.000000, 20.000000
1696452350058, 625.000000, 213.000000, 68.000000, 20.000000,223.000000, 67.000000, 20.000000
1696452350108, 591.000000, 211.000000, 69.000000, 20.000000,221.000000, 67.000000, 20.000000
1696452350154, 556.000000, 91.000000, 69.000000, 20.000000,150.000000, 67.000000, 20.000000
1696452350206, 614.000000, 210.000000, 69.000000, 20.000000,211.000000, 67.000000, 20.000000
1696452350254, 616.000000, 212.000000, 69.000000, 20.000000,216.000000, 67.000000, 20.000000
1696452350304, 609.000000, 211.000000, 69.000000, 20.000000,214.000000, 67.000000, 20.000000
1696452350351, 365.000000, 90.000000, 68.000000, 20.000000,136.000000, 67.000000, 20.000000
1696452350421, 609.000000, 212.000000, 69.000000, 20.000000,213.000000, 67.000000, 20.000000
1696452350490, 618.000000, 211.000000, 69.000000, 20.000000,214.000000, 67.000000, 20.000000
1696452350524, 618.000000, 211.000000, 69.000000, 20.000000,214.000000, 67.000000, 20.000000
1696452350573, 605.000000, 213.000000, 68.000000, 20.000000,214.000000, 67.000000, 20.000000
1696452350622, 618.000000, 212.000000, 69.000000, 20.000000,212.000000, 67.000000, 20.000000
1696452350673, 511.000000, 210.000000, 69.000000, 20.000000,144.000000, 67.000000, 20.000000
1696452350723, 602.000000, 212.000000, 68.000000, 20.000000,212.000000, 67.000000, 20.000000
1696452350772, 612.000000, 212.000000, 68.000000, 20.000000,212.000000, 67.000000, 21.000000
1696452350831, 618.000000, 211.000000, 68.000000, 20.000000,213.000000, 67.000000, 20.000000
1696452350869, 609.000000, 213.000000, 68.000000, 20.000000,213.000000, 67.000000, 20.000000
1696452350940, 607.000000, 213.000000, 68.000000, 20.000000,213.000000, 67.000000, 20.000000
1696452350991, 418.000000, 90.000000, 68.000000, 19.000000,91.000000, 67.000000, 20.000000
1696452351042, 616.000000, 212.000000, 69.000000, 20.000000,214.000000, 67.000000, 20.000000
1696452351088, 605.000000, 212.000000, 68.000000, 20.000000,212.000000, 67.000000, 20.000000
1696452351138, 618.000000, 212.000000, 69.000000, 20.000000,219.000000, 68.000000, 20.000000
1696452351210, 607.000000, 212.000000, 68.000000, 20.000000,99.000000, 68.000000, 20.000000
1696452351262, 616.000000, 212.000000, 69.000000, 20.000000,222.000000, 68.000000, 21.000000
1696452351308, 612.000000, 213.000000, 69.000000, 20.000000,218.000000, 67.000000, 20.000000
1696452351359, 625.000000, 163.000000, 69.000000, 21.000000,174.000000, 67.000000, 21.000000
1696452351406, 612.000000, 212.000000, 69.000000, 20.000000,222.000000, 67.000000, 20.000000
1696452351457, 623.000000, 213.000000, 68.000000, 20.000000,211.000000, 67.000000, 20.000000
1696452351508, 594.000000, 211.000000, 68.000000, 20.000000,212.000000, 67.000000, 20.000000
1696452351580, 605.000000, 212.000000, 69.000000, 20.000000,214.000000, 67.000000, 20.000000
1696452351649, 609.000000, 213.000000, 69.000000, 20.000000,214.000000, 68.000000, 21.000000
1696452351699, 600.000000, 212.000000, 69.000000, 20.000000,213.000000, 67.000000, 20.000000
1696452351731, 388.000000, 89.000000, 69.000000, 20.000000,90.000000, 67.000000, 20.000000
1696452351782, 602.000000, 211.000000, 69.000000, 20.000000,214.000000, 67.000000, 20.000000
1696452351830, 607.000000, 212.000000, 68.000000, 20.000000,213.000000, 67.000000, 21.000000
1696452351901, 614.000000, 213.000000, 69.000000, 20.000000,214.000000, 67.000000, 20.000000
1696452351969, 596.000000, 212.000000, 69.000000, 20.000000,213.000000, 67.000000, 20.000000
1696452352003, 616.000000, 213.000000, 69.000000, 20.000000,218.000000, 67.000000, 20.000000
1696452352070, 439.000000, 90.000000, 68.000000, 20.000000,111.000000, 67.000000, 21.000000
1696452352102, 614.000000, 213.000000, 68.000000, 20.000000,213.000000, 67.000000, 20.000000
1696452352152, 551.000000, 212.000000, 69.000000, 20.000000,212.000000, 67.000000, 20.000000
1696452352202, 623.000000, 152.000000, 69.000000, 21.000000,185.000000, 67.000000, 20.000000
1696452352251, 594.000000, 211.000000, 68.000000, 20.000000,213.000000, 67.000000, 20.000000
1696452352300, 625.000000, 212.000000, 68.000000, 20.000000,214.000000, 67.000000, 20.000000
1696452352351, 587.000000, 211.000000, 69.000000, 20.000000,212.000000, 67.000000, 20.000000
1696452352402, 607.000000, 213.000000, 69.000000, 20.000000,214.000000, 67.000000, 20.000000
1696452352454, 481.000000, 91.000000, 68.000000, 20.000000,111.000000, 67.000000, 21.000000
1696452352505, 609.000000, 212.000000, 68.000000, 20.000000,221.000000, 67.000000, 20.000000
1696452352552, 622.000000, 212.000000, 68.000000, 20.000000,217.000000, 67.000000, 21.000000
1696452352603, 618.000000, 212.000000, 70.000000, 20.000000,222.000000, 67.000000, 20.000000
1696452352659, 609.000000, 212.000000, 69.000000, 20.000000,221.000000, 67.000000, 20.000000
1696452352698, 612.000000, 212.000000, 69.000000, 20.000000,216.000000, 67.000000, 20.000000
1696452352749, 614.000000, 212.000000, 69.000000, 20.000000,216.000000, 67.000000, 20.000000
1696452352795, 375.000000, 103.000000, 68.000000, 21.000000,112.000000, 66.000000, 20.000000
1696452352845, 603.000000, 211.000000, 70.000000, 20.000000,214.000000, 67.000000, 20.000000
1696452352895, 434.000000, 90.000000, 69.000000, 20.000000,148.000000, 67.000000, 20.000000
1696452352946, 609.000000, 212.000000, 69.000000, 20.000000,214.000000, 67.000000, 20.000000
1696452352996, 412.000000, 209.000000, 69.000000, 20.000000,145.000000, 67.000000, 20.000000
1696452353043, 610.000000, 213.000000, 68.000000, 20.000000,214.000000, 67.000000, 20.000000
1696452353093, 607.000000, 211.000000, 69.000000, 20.000000,213.000000, 67.000000, 20.000000
1696452353141, 607.000000, 212.000000, 68.000000, 20.000000,214.000000, 67.000000, 20.000000
1696452353187, 610.000000, 212.000000, 69.000000, 20.000000,214.000000, 67.000000, 20.000000
1696452353238, 379.000000, 89.000000, 69.000000, 20.000000,91.000000, 67.000000, 21.000000
1696452353310, 613.000000, 211.000000, 69.000000, 20.000000,214.000000, 67.000000, 20.000000
1696452353362, 379.000000, 90.000000, 69.000000, 20.000000,86.000000, 67.000000, 20.000000
1696452353430, 613.000000, 211.000000, 69.000000, 20.000000,213.000000, 67.000000, 20.000000
1696452353463, 607.000000, 212.000000, 69.000000, 20.000000,213.000000, 67.000000, 20.000000
1696452353510, 605.000000, 212.000000, 68.000000, 20.000000,213.000000, 67.000000, 20.000000
1696452353559, 398.000000, 88.000000, 68.000000, 20.000000,90.000000, 67.000000, 20.000000
1696452353607, 607.000000, 213.000000, 69.000000, 20.000000,214.000000, 67.000000, 20.000000
1696452353672, 399.000000, 91.000000, 68.000000, 20.000000,93.000000, 67.000000, 21.000000
1696452353713, 607.000000, 212.000000, 69.000000, 20.000000,221.000000, 67.000000, 20.000000
1696452353769, 496.000000, 90.000000, 68.000000, 20.000000,158.000000, 67.000000, 20.000000
1696452353810, 627.000000, 212.000000, 69.000000, 20.000000,222.000000, 67.000000, 20.000000
1696452353870, 616.000000, 212.000000, 69.000000, 20.000000,222.000000, 67.000000, 20.000000
1696452353908, 620.000000, 212.000000, 69.000000, 20.000000,222.000000, 67.000000, 20.000000
1696452353980, 612.000000, 213.000000, 69.000000, 20.000000,216.000000, 68.000000, 20.000000
1696452354050, 599.000000, 212.000000, 69.000000, 20.000000,213.000000, 67.000000, 20.000000
1696452354099, 607.000000, 213.000000, 69.000000, 20.000000,214.000000, 68.000000, 20.000000
1696452354150, 607.000000, 211.000000, 69.000000, 20.000000,214.000000, 67.000000, 20.000000
1696452354202, 383.000000, 107.000000, 67.000000, 20.000000,100.000000, 66.000000, 20.000000
1696452354249, 609.000000, 212.000000, 69.000000, 21.000000,212.000000, 69.000000, 20.000000
1696452354311, 610.000000, 213.000000, 69.000000, 20.000000,214.000000, 67.000000, 20.000000
1696452354351, 616.000000, 211.000000, 69.000000, 20.000000,213.000000, 68.000000, 20.000000
1696452354421, 613.000000, 212.000000, 69.000000, 20.000000,213.000000, 67.000000, 20.000000
1696452354470, 607.000000, 212.000000, 69.000000, 20.000000,214.000000, 68.000000, 20.000000
1696452354520, 545.000000, 96.000000, 69.000000, 20.000000,82.000000, 67.000000, 20.000000
1696452354589, 605.000000, 211.000000, 69.000000, 20.000000,212.000000, 68.000000, 20.000000
1696452354621, 601.000000, 213.000000, 69.000000, 20.000000,212.000000, 67.000000, 21.000000
1696452354673, 598.000000, 209.000000, 69.000000, 20.000000,211.000000, 68.000000, 20.000000
1696452354724, 616.000000, 202.000000, 69.000000, 20.000000,210.000000, 67.000000, 20.000000
1696452354773, 612.000000, 211.000000, 69.000000, 20.000000,213.000000, 67.000000, 20.000000
1696452354824, 616.000000, 212.000000, 69.000000, 20.000000,213.000000, 67.000000, 20.000000
1696452354881, 610.000000, 212.000000, 69.000000, 20.000000,215.000000, 67.000000, 20.000000
1696452354919, 515.000000, 212.000000, 69.000000, 20.000000,213.000000, 67.000000, 20.000000
1696452354970, 612.000000, 213.000000, 69.000000, 20.000000,214.000000, 67.000000, 20.000000
1696452355022, 450.000000, 90.000000, 69.000000, 20.000000,160.000000, 67.000000, 20.000000
1696452355070, 620.000000, 212.000000, 69.000000, 20.000000,222.000000, 67.000000, 20.000000
1696452355131, 609.000000, 212.000000, 69.000000, 20.000000,222.000000, 67.000000, 20.000000
1696452355166, 618.000000, 213.000000, 69.000000, 21.000000,222.000000, 67.000000, 20.000000
1696452355219, 428.000000, 90.000000, 69.000000, 20.000000,110.000000, 67.000000, 21.000000
1696452355289, 609.000000, 211.000000, 69.000000, 20.000000,215.000000, 67.000000, 20.000000
1696452355341, 443.000000, 88.000000, 69.000000, 20.000000,92.000000, 67.000000, 20.000000
1696452355411, 605.000000, 212.000000, 69.000000, 20.000000,214.000000, 67.000000, 20.000000
1696452355443, 561.000000, 212.000000, 69.000000, 20.000000,213.000000, 67.000000, 20.000000
1696452355501, 601.000000, 212.000000, 69.000000, 20.000000,213.000000, 67.000000, 20.000000
1696452355539, 377.000000, 90.000000, 69.000000, 21.000000,91.000000, 68.000000, 20.000000
1696452355610, 614.000000, 212.000000, 69.000000, 20.000000,213.000000, 67.000000, 20.000000
1696452355661, 605.000000, 182.000000, 69.000000, 20.000000,186.000000, 67.000000, 20.000000
1696452355730, 611.000000, 212.000000, 69.000000, 20.000000,214.000000, 67.000000, 20.000000
1696452355800, 523.000000, 90.000000, 68.000000, 20.000000,149.000000, 67.000000, 20.000000
1696452355851, 612.000000, 212.000000, 69.000000, 20.000000,216.000000, 67.000000, 22.000000
1696452355902, 488.000000, 91.000000, 69.000000, 21.000000,153.000000, 68.000000, 20.000000
1696452355953, 612.000000, 212.000000, 69.000000, 20.000000,212.000000, 67.000000, 20.000000
1696452356000, 591.000000, 211.000000, 69.000000, 20.000000,207.000000, 67.000000, 20.000000
1696452356071, 613.000000, 210.000000, 69.000000, 20.000000,213.000000, 67.000000, 20.000000
1696452356122, 396.000000, 209.000000, 68.000000, 20.000000,151.000000, 66.000000, 20.000000
1696452356174, 607.000000, 211.000000, 69.000000, 20.000000,214.000000, 67.000000, 20.000000
1696452356222, 426.000000, 90.000000, 68.000000, 20.000000,93.000000, 67.000000, 20.000000
1696452356290, 609.000000, 213.000000, 69.000000, 20.000000,221.000000, 67.000000, 20.000000
1696452356340, 620.000000, 213.000000, 69.000000, 20.000000,219.000000, 67.000000, 20.000000
1696452356392, 618.000000, 213.000000, 70.000000, 20.000000,222.000000, 67.000000, 20.000000
1696452356443, 385.000000, 93.000000, 69.000000, 20.000000,103.000000, 67.000000, 21.000000
1696452356493, 618.000000, 212.000000, 68.000000, 20.000000,221.000000, 67.000000, 20.000000
1696452356542, 390.000000, 91.000000, 70.000000, 20.000000,92.000000, 68.000000, 20.000000
1696452356587, 627.000000, 212.000000, 68.000000, 20.000000,213.000000, 67.000000, 20.000000
1696452356637, 599.000000, 210.000000, 69.000000, 20.000000,213.000000, 67.000000, 20.000000
1696452356711, 616.000000, 211.000000, 68.000000, 20.000000,213.000000, 66.000000, 20.000000
1696452356757, 598.000000, 207.000000, 69.000000, 20.000000,214.000000, 67.000000, 20.000000
1696452356808, 543.000000, 93.000000, 69.000000, 20.000000,88.000000, 67.000000, 19.000000
1696452356858, 607.000000, 212.000000, 68.000000, 20.000000,213.000000, 67.000000, 20.000000
1696452356904, 612.000000, 213.000000, 70.000000, 20.000000,212.000000, 67.000000, 20.000000
1696452356956, 603.000000, 212.000000, 68.000000, 20.000000,213.000000, 67.000000, 20.000000
1696452357002, 583.000000, 213.000000, 68.000000, 20.000000,213.000000, 67.000000, 20.000000
1696452357070, 605.000000, 212.000000, 68.000000, 20.000000,213.000000, 67.000000, 20.000000
1696452357120, 381.000000, 90.000000, 68.000000, 20.000000,93.000000, 67.000000, 21.000000
1696452357153, 612.000000, 213.000000, 70.000000, 20.000000,214.000000, 67.000000, 20.000000
1696452357203, 529.000000, 213.000000, 68.000000, 20.000000,148.000000, 67.000000, 21.000000
1696452357251, 610.000000, 212.000000, 68.000000, 20.000000,214.000000, 67.000000, 20.000000
1696452357303, 397.000000, 90.000000, 69.000000, 21.000000,95.000000, 68.000000, 20.000000
1696452357350, 603.000000, 211.000000, 69.000000, 20.000000,213.000000, 67.000000, 20.000000
1696452357402, 605.000000, 212.000000, 69.000000, 20.000000,213.000000, 67.000000, 20.000000
1696452357470, 605.000000, 212.000000, 68.000000, 20.000000,214.000000, 67.000000, 20.000000
1696452357533, 385.000000, 97.000000, 69.000000, 20.000000,108.000000, 67.000000, 20.000000
1696452357574, 622.000000, 212.000000, 69.000000, 20.000000,223.000000, 67.000000, 20.000000
1696452357623, 412.000000, 90.000000, 69.000000, 20.000000,104.000000, 68.000000, 20.000000
1696452357673, 625.000000, 213.000000, 68.000000, 20.000000,223.000000, 67.000000, 20.000000
1696452357731, 609.000000, 214.000000, 69.000000, 21.000000,219.000000, 67.000000, 21.000000
1696452357770, 623.000000, 107.000000, 69.000000, 20.000000,164.000000, 67.000000, 20.000000
1696452357840, 603.000000, 213.000000, 69.000000, 20.000000,214.000000, 67.000000, 20.000000
1696452357911, 607.000000, 212.000000, 68.000000, 20.000000,214.000000, 67.000000, 20.000000
1696452357964, 603.000000, 215.000000, 70.000000, 21.000000,217.000000, 67.000000, 21.000000
1696452358011, 621.000000, 214.000000, 70.000000, 20.000000,214.000000, 67.000000, 20.000000
1696452358082, 599.000000, 212.000000, 69.000000, 20.000000,213.000000, 67.000000, 20.000000
1696452358131, 616.000000, 212.000000, 69.000000, 20.000000,214.000000, 67.000000, 20.000000
1696452358182, 603.000000, 213.000000, 69.000000, 20.000000,214.000000, 67.000000, 20.000000
1696452358250, 610.000000, 211.000000, 69.000000, 20.000000,213.000000, 67.000000, 20.000000
1696452358289, 599.000000, 212.000000, 68.000000, 20.000000,213.000000, 67.000000, 20.000000
1696452358329, 394.000000, 89.000000, 69.000000, 20.000000,85.000000, 68.000000, 20.000000
1696452358381, 614.000000, 213.000000, 69.000000, 20.000000,214.000000, 67.000000, 20.000000
1696452358451, 611.000000, 212.000000, 69.000000, 20.000000,214.000000, 67.000000, 20.000000
1696452358503, 609.000000, 213.000000, 70.000000, 20.000000,214.000000, 68.000000, 20.000000
1696452358550, 614.000000, 213.000000, 69.000000, 20.000000,215.000000, 67.000000, 20.000000
1696452358596, 605.000000, 212.000000, 69.000000, 20.000000,213.000000, 68.000000, 20.000000
1696452358640, 379.000000, 90.000000, 68.000000, 20.000000,85.000000, 67.000000, 20.000000
1696452358675, 614.000000, 213.000000, 69.000000, 20.000000,214.000000, 67.000000, 20.000000
1696452358722, 607.000000, 214.000000, 69.000000, 20.000000,215.000000, 68.000000, 20.000000
1696452358772, 607.000000, 148.000000, 69.000000, 21.000000,129.000000, 67.000000, 20.000000
1696452358822, 605.000000, 214.000000, 69.000000, 20.000000,214.000000, 67.000000, 20.000000
1696452358874, 623.000000, 213.000000, 69.000000, 20.000000,223.000000, 67.000000, 20.000000
1696452358923, 607.000000, 211.000000, 69.000000, 20.000000,222.000000, 67.000000, 20.000000
1696452358981, 450.000000, 90.000000, 69.000000, 20.000000,160.000000, 68.000000, 20.000000
1696452359020, 622.000000, 213.000000, 69.000000, 21.000000,221.000000, 67.000000, 20.000000
1696452359073, 611.000000, 212.000000, 69.000000, 20.000000,218.000000, 67.000000, 20.000000
1696452359139, 605.000000, 211.000000, 69.000000, 20.000000,215.000000, 67.000000, 20.000000
1696452359173, 613.000000, 211.000000, 68.000000, 20.000000,214.000000, 67.000000, 20.000000
1696452359223, 611.000000, 211.000000, 69.000000, 20.000000,214.000000, 67.000000, 20.000000
1696452359273, 605.000000, 212.000000, 68.000000, 20.000000,213.000000, 66.000000, 20.000000
1696452359319, 609.000000, 213.000000, 69.000000, 20.000000,214.000000, 67.000000, 20.000000
1696452359391, 616.000000, 213.000000, 69.000000, 20.000000,214.000000, 67.000000, 20.000000
1696452359461, 600.000000, 211.000000, 69.000000, 20.000000,213.000000, 67.000000, 20.000000
1696452359509, 619.000000, 213.000000, 68.000000, 20.000000,215.000000, 67.000000, 20.000000
1696452359541, 619.000000, 213.000000, 68.000000, 20.000000,215.000000, 67.000000, 20.000000
1696452359588, 616.000000, 211.000000, 68.000000, 20.000000,211.000000, 67.000000, 20.000000
1696452359639, 601.000000, 212.000000, 69.000000, 20.000000,214.000000, 67.000000, 20.000000
1696452359710, 613.000000, 213.000000, 69.000000, 20.000000,215.000000, 67.000000, 20.000000
1696452359757, 607.000000, 213.000000, 68.000000, 20.000000,213.000000, 67.000000, 20.000000
1696452359807, 551.000000, 213.000000, 69.000000, 21.000000,212.000000, 67.000000, 21.000000
1696452359854, 607.000000, 180.000000, 69.000000, 20.000000,199.000000, 67.000000, 20.000000
1696452359905, 611.000000, 212.000000, 69.000000, 20.000000,214.000000, 67.000000, 20.000000
1696452359956, 605.000000, 213.000000, 69.000000, 20.000000,214.000000, 67.000000, 20.000000
1696452360011, 614.000000, 212.000000, 69.000000, 20.000000,214.000000, 67.000000, 20.000000
1696452360052, 392.000000, 90.000000, 69.000000, 20.000000,89.000000, 67.000000, 20.000000
1696452360103, 618.000000, 212.000000, 68.000000, 20.000000,223.000000, 67.000000, 20.000000
1696452360152, 587.000000, 94.000000, 69.000000, 20.000000,102.000000, 67.000000, 20.000000
1696452360196, 625.000000, 212.000000, 69.000000, 20.000000,222.000000, 67.000000, 20.000000
1696452360246, 614.000000, 214.000000, 69.000000, 20.000000,223.000000, 67.000000, 20.000000
1696452360297, 623.000000, 214.000000, 69.000000, 20.000000,222.000000, 67.000000, 21.000000
1696452360358, 556.000000, 212.000000, 68.000000, 20.000000,223.000000, 67.000000, 22.000000
1696452360395, 602.000000, 212.000000, 70.000000, 20.000000,214.000000, 67.000000, 20.000000
1696452360460, 620.000000, 211.000000, 69.000000, 20.000000,214.000000, 67.000000, 20.000000
1696452360492, 381.000000, 89.000000, 68.000000, 20.000000,120.000000, 67.000000, 20.000000
1696452360543, 600.000000, 213.000000, 69.000000, 20.000000,213.000000, 67.000000, 20.000000
1696452360602, 616.000000, 212.000000, 68.000000, 20.000000,213.000000, 67.000000, 20.000000
1696452360640, 612.000000, 213.000000, 69.000000, 20.000000,212.000000, 68.000000, 20.000000
1696452360710, 623.000000, 214.000000, 69.000000, 21.000000,216.000000, 67.000000, 20.000000
1696452360779, 607.000000, 213.000000, 69.000000, 20.000000,214.000000, 67.000000, 20.000000
1696452360857, 601.000000, 213.000000, 68.000000, 20.000000,214.000000, 67.000000, 20.000000
1696452360909, 417.000000, 89.000000, 68.000000, 20.000000,96.000000, 68.000000, 20.000000
1696452360971, 607.000000, 211.000000, 69.000000, 20.000000,214.000000, 67.000000, 20.000000
1696452361006, 610.000000, 211.000000, 69.000000, 20.000000,213.000000, 67.000000, 20.000000
1696452361056, 436.000000, 90.000000, 69.000000, 20.000000,85.000000, 68.000000, 20.000000
1696452361106, 608.000000, 211.000000, 69.000000, 20.000000,213.000000, 68.000000, 20.000000
1696452361152, 600.000000, 213.000000, 69.000000, 20.000000,213.000000, 67.000000, 20.000000
1696452361203, 618.000000, 211.000000, 69.000000, 20.000000,212.000000, 67.000000, 20.000000
1696452361270, 609.000000, 211.000000, 68.000000, 20.000000,211.000000, 67.000000, 20.000000
1696452361302, 609.000000, 211.000000, 68.000000, 20.000000,211.000000, 67.000000, 20.000000
1696452361370, 450.000000, 95.000000, 70.000000, 21.000000,150.000000, 67.000000, 21.000000
1696452361420, 622.000000, 211.000000, 68.000000, 20.000000,220.000000, 67.000000, 20.000000
1696452361470, 622.000000, 212.000000, 69.000000, 20.000000,218.000000, 67.000000, 20.000000
1696452361519, 609.000000, 214.000000, 69.000000, 21.000000,222.000000, 67.000000, 20.000000
1696452361551, 399.000000, 90.000000, 69.000000, 21.000000,103.000000, 67.000000, 23.000000
1696452361623, 618.000000, 212.000000, 68.000000, 20.000000,221.000000, 67.000000, 20.000000
1696452361673, 609.000000, 137.000000, 70.000000, 21.000000,170.000000, 67.000000, 21.000000
1696452361724, 607.000000, 212.000000, 68.000000, 20.000000,213.000000, 67.000000, 20.000000
1696452361771, 596.000000, 214.000000, 69.000000, 21.000000,210.000000, 67.000000, 21.000000
1696452361824, 620.000000, 213.000000, 69.000000, 20.000000,213.000000, 67.000000, 20.000000
1696452361871, 385.000000, 90.000000, 69.000000, 20.000000,95.000000, 67.000000, 20.000000
1696452361941, 616.000000, 211.000000, 69.000000, 20.000000,214.000000, 67.000000, 20.000000
1696452361992, 605.000000, 108.000000, 68.000000, 20.000000,111.000000, 66.000000, 20.000000
1696452362043, 618.000000, 211.000000, 69.000000, 20.000000,211.000000, 67.000000, 20.000000
1696452362093, 458.000000, 212.000000, 68.000000, 20.000000,146.000000, 67.000000, 20.000000
1696452362142, 612.000000, 212.000000, 69.000000, 20.000000,214.000000, 67.000000, 20.000000
1696452362188, 616.000000, 212.000000, 69.000000, 20.000000,213.000000, 67.000000, 20.000000
1696452362238, 609.000000, 213.000000, 68.000000, 20.000000,212.000000, 67.000000, 20.000000
1696452362288, 612.000000, 213.000000, 69.000000, 20.000000,213.000000, 67.000000, 20.000000
1696452362360, 615.000000, 211.000000, 69.000000, 20.000000,214.000000, 67.000000, 20.000000
1696452362419, 596.000000, 212.000000, 69.000000, 20.000000,214.000000, 67.000000, 20.000000
1696452362459, 620.000000, 212.000000, 69.000000, 20.000000,214.000000, 67.000000, 20.000000
1696452362531, 571.000000, 212.000000, 69.000000, 20.000000,213.000000, 67.000000, 20.000000
1696452362583, 625.000000, 212.000000, 68.000000, 20.000000,213.000000, 67.000000, 20.000000
1696452362641, 405.000000, 208.000000, 68.000000, 19.000000,150.000000, 65.000000, 19.000000
1696452362678, 622.000000, 212.000000, 69.000000, 20.000000,221.000000, 67.000000, 20.000000
1696452362728, 609.000000, 211.000000, 69.000000, 20.000000,222.000000, 67.000000, 20.000000
1696452362779, 397.000000, 90.000000, 69.000000, 20.000000,94.000000, 67.000000, 20.000000
1696452362831, 620.000000, 212.000000, 69.000000, 20.000000,227.000000, 67.000000, 21.000000
1696452362901, 620.000000, 212.000000, 69.000000, 20.000000,223.000000, 67.000000, 20.000000
1696452362952, 397.000000, 90.000000, 69.000000, 21.000000,94.000000, 67.000000, 20.000000
1696452363003, 609.000000, 213.000000, 69.000000, 20.000000,215.000000, 68.000000, 20.000000
1696452363053, 592.000000, 212.000000, 68.000000, 20.000000,212.000000, 67.000000, 20.000000
1696452363103, 620.000000, 213.000000, 69.000000, 20.000000,212.000000, 67.000000, 20.000000
1696452363171, 423.000000, 92.000000, 69.000000, 20.000000,99.000000, 67.000000, 20.000000
1696452363203, 625.000000, 213.000000, 69.000000, 20.000000,215.000000, 67.000000, 20.000000
1696452363270, 587.000000, 211.000000, 69.000000, 20.000000,214.000000, 67.000000, 20.000000
1696452363302, 454.000000, 90.000000, 69.000000, 20.000000,88.000000, 67.000000, 20.000000
1696452363351, 614.000000, 212.000000, 68.000000, 20.000000,213.000000, 67.000000, 20.000000
1696452363421, 613.000000, 210.000000, 69.000000, 20.000000,213.000000, 67.000000, 20.000000
1696452363472, 607.000000, 212.000000, 69.000000, 20.000000,214.000000, 67.000000, 20.000000
1696452363522, 614.000000, 213.000000, 69.000000, 20.000000,214.000000, 67.000000, 20.000000
1696452363573, 592.000000, 212.000000, 69.000000, 20.000000,214.000000, 67.000000, 20.000000
1696452363620, 510.000000, 91.000000, 69.000000, 20.000000,152.000000, 68.000000, 20.000000
1696452363681, 601.000000, 212.000000, 68.000000, 20.000000,213.000000, 67.000000, 20.000000
1696452363718, 613.000000, 210.000000, 68.000000, 20.000000,213.000000, 67.000000, 20.000000
1696452363769, 616.000000, 213.000000, 69.000000, 20.000000,211.000000, 67.000000, 20.000000
1696452363820, 372.000000, 90.000000, 69.000000, 20.000000,88.000000, 68.000000, 20.000000
1696452363867, 612.000000, 211.000000, 69.000000, 20.000000,212.000000, 67.000000, 20.000000
1696452363931, 457.000000, 91.000000, 69.000000, 20.000000,152.000000, 68.000000, 20.000000
1696452363964, 620.000000, 214.000000, 69.000000, 21.000000,221.000000, 67.000000, 20.000000
1696452364015, 616.000000, 213.000000, 69.000000, 20.000000,223.000000, 67.000000, 20.000000
1696452364082, 610.000000, 213.000000, 69.000000, 20.000000,222.000000, 67.000000, 20.000000
1696452364114, 397.000000, 91.000000, 69.000000, 21.000000,102.000000, 67.000000, 21.000000
1696452364162, 614.000000, 213.000000, 68.000000, 20.000000,218.000000, 68.000000, 21.000000
1696452364231, 613.000000, 217.000000, 69.000000, 21.000000,220.000000, 68.000000, 20.000000
1696452364280, 609.000000, 212.000000, 69.000000, 20.000000,214.000000, 67.000000, 20.000000
1696452364313, 609.000000, 212.000000, 69.000000, 20.000000,214.000000, 67.000000, 20.000000
1696452364379, 606.000000, 212.000000, 69.000000, 20.000000,214.000000, 67.000000, 20.000000
1696452364430, 607.000000, 212.000000, 68.000000, 20.000000,213.000000, 68.000000, 20.000000
1696452364499, 613.000000, 211.000000, 69.000000, 20.000000,214.000000, 67.000000, 20.000000
1696452364548, 594.000000, 211.000000, 68.000000, 20.000000,213.000000, 67.000000, 20.000000
1696452364581, 459.000000, 91.000000, 69.000000, 20.000000,88.000000, 67.000000, 20.000000
1696452364633, 614.000000, 212.000000, 69.000000, 20.000000,213.000000, 67.000000, 20.000000
1696452364700, 623.000000, 213.000000, 69.000000, 20.000000,214.000000, 67.000000, 20.000000
1696452364749, 609.000000, 212.000000, 69.000000, 20.000000,213.000000, 67.000000, 20.000000
1696452364781, 374.000000, 88.000000, 68.000000, 20.000000,91.000000, 67.000000, 19.000000
1696452364832, 613.000000, 213.000000, 69.000000, 20.000000,214.000000, 67.000000, 20.000000
1696452364901, 616.000000, 213.000000, 68.000000, 20.000000,213.000000, 67.000000, 20.000000
1696452364948, 607.000000, 212.000000, 69.000000, 20.000000,213.000000, 67.000000, 20.000000
1696452364982, 388.000000, 90.000000, 69.000000, 20.000000,88.000000, 67.000000, 20.000000
1696452365033, 609.000000, 212.000000, 68.000000, 20.000000,213.000000, 67.000000, 20.000000
1696452365098, 612.000000, 212.000000, 69.000000, 20.000000,213.000000, 68.000000, 20.000000
1696452365131, 616.000000, 213.000000, 69.000000, 20.000000,219.000000, 67.000000, 20.000000
1696452365182, 395.000000, 90.000000, 69.000000, 21.000000,92.000000, 67.000000, 20.000000
1696452365233, 603.000000, 213.000000, 68.000000, 20.000000,212.000000, 68.000000, 20.000000
1696452365282, 618.000000, 212.000000, 68.000000, 20.000000,221.000000, 67.000000, 20.000000
1696452365350, 612.000000, 213.000000, 68.000000, 20.000000,221.000000, 68.000000, 20.000000
1696452365400, 619.000000, 212.000000, 69.000000, 20.000000,223.000000, 67.000000, 20.000000
1696452365439, 612.000000, 212.000000, 68.000000, 20.000000,221.000000, 67.000000, 20.000000
1696452365480, 430.000000, 90.000000, 69.000000, 20.000000,97.000000, 67.000000, 21.000000
1696452365541, 607.000000, 212.000000, 69.000000, 20.000000,215.000000, 67.000000, 20.000000
1696452365581, 381.000000, 91.000000, 69.000000, 21.000000,120.000000, 68.000000, 21.000000
1696452365627, 627.000000, 213.000000, 69.000000, 20.000000,215.000000, 67.000000, 20.000000
1696452365677, 391.000000, 120.000000, 68.000000, 20.000000,120.000000, 66.000000, 20.000000
1696452365723, 627.000000, 213.000000, 69.000000, 20.000000,214.000000, 67.000000, 20.000000
1696452365774, 598.000000, 213.000000, 69.000000, 20.000000,213.000000, 67.000000, 20.000000
1696452365823, 381.000000, 90.000000, 69.000000, 20.000000,85.000000, 68.000000, 20.000000
1696452365873, 614.000000, 212.000000, 69.000000, 20.000000,214.000000, 67.000000, 20.000000
1696452365920, 436.000000, 90.000000, 69.000000, 20.000000,91.000000, 67.000000, 20.000000
1696452365981, 607.000000, 212.000000, 69.000000, 20.000000,214.000000, 67.000000, 20.000000
1696452366022, 372.000000, 89.000000, 69.000000, 20.000000,85.000000, 67.000000, 20.000000
1696452366090, 603.000000, 212.000000, 69.000000, 20.000000,213.000000, 67.000000, 20.000000
1696452366152, 383.000000, 90.000000, 69.000000, 20.000000,92.000000, 67.000000, 21.000000
1696452366190, 623.000000, 211.000000, 69.000000, 20.000000,213.000000, 68.000000, 20.000000
1696452366261, 434.000000, 90.000000, 69.000000, 20.000000,151.000000, 67.000000, 20.000000
1696452366309, 613.000000, 212.000000, 69.000000, 20.000000,218.000000, 67.000000, 20.000000
1696452366341, 568.000000, 213.000000, 71.000000, 20.000000,214.000000, 68.000000, 20.000000
1696452366387, 616.000000, 213.000000, 69.000000, 20.000000,214.000000, 67.000000, 20.000000
1696452366437, 605.000000, 212.000000, 69.000000, 20.000000,213.000000, 67.000000, 20.000000
1696452366487, 618.000000, 216.000000, 69.000000, 21.000000,225.000000, 67.000000, 21.000000
1696452366538, 621.000000, 213.000000, 69.000000, 20.000000,222.000000, 67.000000, 20.000000
1696452366583, 456.000000, 90.000000, 70.000000, 20.000000,158.000000, 67.000000, 20.000000
1696452366634, 611.000000, 211.000000, 69.000000, 20.000000,221.000000, 67.000000, 20.000000
1696452366684, 632.000000, 211.000000, 70.000000, 20.000000,221.000000, 67.000000, 21.000000
1696452366734, 614.000000, 212.000000, 69.000000, 20.000000,220.000000, 67.000000, 20.000000
1696452366781, 486.000000, 211.000000, 69.000000, 20.000000,214.000000, 67.000000, 21.000000
1696452366850, 607.000000, 213.000000, 69.000000, 21.000000,215.000000, 67.000000, 20.000000
1696452366882, 381.000000, 89.000000, 68.000000, 20.000000,91.000000, 67.000000, 20.000000
1696452366933, 618.000000, 212.000000, 69.000000, 20.000000,213.000000, 67.000000, 20.000000
1696452366991, 594.000000, 211.000000, 68.000000, 20.000000,205.000000, 67.000000, 21.000000
1696452367032, 610.000000, 213.000000, 69.000000, 20.000000,212.000000, 67.000000, 20.000000
1696452367084, 445.000000, 91.000000, 69.000000, 20.000000,143.000000, 68.000000, 20.000000
1696452367131, 604.000000, 213.000000, 69.000000, 20.000000,215.000000, 67.000000, 20.000000
1696452367200, 616.000000, 212.000000, 68.000000, 20.000000,211.000000, 67.000000, 20.000000
1696452367253, 612.000000, 212.000000, 69.000000, 20.000000,219.000000, 68.000000, 20.000000
1696452367303, 508.000000, 212.000000, 69.000000, 20.000000,146.000000, 68.000000, 20.000000
1696452367353, 607.000000, 212.000000, 69.000000, 20.000000,214.000000, 67.000000, 20.000000
1696452367412, 394.000000, 88.000000, 68.000000, 20.000000,108.000000, 68.000000, 20.000000
1696452367449, 605.000000, 212.000000, 68.000000, 20.000000,211.000000, 67.000000, 20.000000
1696452367500, 598.000000, 211.000000, 69.000000, 20.000000,213.000000, 68.000000, 20.000000
1696452367546, 618.000000, 212.000000, 69.000000, 20.000000,214.000000, 68.000000, 20.000000
1696452367596, 596.000000, 211.000000, 69.000000, 20.000000,214.000000, 68.000000, 20.000000
1696452367642, 545.000000, 90.000000, 68.000000, 20.000000,102.000000, 67.000000, 21.000000
1696452367710, 607.000000, 213.000000, 69.000000, 20.000000,213.000000, 68.000000, 20.000000
1696452367743, 596.000000, 214.000000, 69.000000, 21.000000,215.000000, 68.000000, 20.000000
1696452367811, 623.000000, 212.000000, 69.000000, 20.000000,222.000000, 68.000000, 20.000000
1696452367843, 385.000000, 89.000000, 69.000000, 21.000000,101.000000, 68.000000, 23.000000
1696452367890, 625.000000, 213.000000, 68.000000, 20.000000,223.000000, 67.000000, 20.000000
1696452367937, 623.000000, 212.000000, 68.000000, 20.000000,223.000000, 67.000000, 20.000000
1696452367987, 383.000000, 91.000000, 69.000000, 21.000000,126.000000, 68.000000, 21.000000
1696452368033, 616.000000, 212.000000, 69.000000, 20.000000,221.000000, 67.000000, 20.000000
1696452368098, 439.000000, 90.000000, 69.000000, 21.000000,127.000000, 67.000000, 21.000000
1696452368131, 604.000000, 211.000000, 69.000000, 20.000000,219.000000, 67.000000, 20.000000
1696452368199, 615.000000, 212.000000, 69.000000, 20.000000,213.000000, 68.000000, 20.000000
1696452368232, 605.000000, 212.000000, 69.000000, 20.000000,213.000000, 67.000000, 20.000000
1696452368283, 396.000000, 89.000000, 69.000000, 20.000000,92.000000, 68.000000, 20.000000
1696452368330, 612.000000, 212.000000, 69.000000, 20.000000,213.000000, 67.000000, 20.000000
1696452368391, 603.000000, 212.000000, 69.000000, 20.000000,214.000000, 67.000000, 20.000000
1696452368429, 609.000000, 94.000000, 69.000000, 20.000000,157.000000, 68.000000, 20.000000
1696452368499, 601.000000, 212.000000, 68.000000, 20.000000,214.000000, 67.000000, 20.000000
1696452368538, 609.000000, 213.000000, 69.000000, 20.000000,214.000000, 68.000000, 20.000000
1696452368580, 607.000000, 213.000000, 69.000000, 21.000000,214.000000, 67.000000, 20.000000
1696452368625, 534.000000, 92.000000, 69.000000, 21.000000,86.000000, 67.000000, 20.000000
1696452368676, 614.000000, 212.000000, 69.000000, 20.000000,214.000000, 68.000000, 20.000000
1696452368722, 607.000000, 211.000000, 69.000000, 20.000000,213.000000, 67.000000, 20.000000
1696452368771, 616.000000, 213.000000, 69.000000, 20.000000,214.000000, 67.000000, 20.000000
1696452368841, 604.000000, 211.000000, 68.000000, 20.000000,212.000000, 67.000000, 20.000000
1696452368892, 620.000000, 212.000000, 69.000000, 20.000000,214.000000, 67.000000, 20.000000
1696452368943, 607.000000, 213.000000, 69.000000, 20.000000,213.000000, 67.000000, 20.000000
1696452368989, 403.000000, 90.000000, 69.000000, 21.000000,89.000000, 67.000000, 20.000000
1696452369041, 616.000000, 213.000000, 69.000000, 20.000000,211.000000, 67.000000, 20.000000
1696452369087, 619.000000, 215.000000, 69.000000, 20.000000,228.000000, 67.000000, 20.000000
1696452369138, 616.000000, 212.000000, 69.000000, 20.000000,221.000000, 67.000000, 20.000000
1696452369188, 397.000000, 89.000000, 69.000000, 20.000000,97.000000, 67.000000, 20.000000
1696452369238, 614.000000, 216.000000, 69.000000, 20.000000,223.000000, 67.000000, 20.000000
1696452369310, 543.000000, 90.000000, 69.000000, 20.000000,158.000000, 67.000000, 20.000000
1696452369357, 607.000000, 211.000000, 69.000000, 20.000000,213.000000, 67.000000, 20.000000
1696452369407, 452.000000, 90.000000, 69.000000, 20.000000,153.000000, 68.000000, 20.000000
1696452369457, 609.000000, 212.000000, 69.000000, 20.000000,215.000000, 67.000000, 20.000000
1696452369508, 386.000000, 89.000000, 68.000000, 20.000000,91.000000, 68.000000, 20.000000
1696452369554, 609.000000, 212.000000, 69.000000, 20.000000,214.000000, 67.000000, 20.000000
1696452369605, 405.000000, 123.000000, 68.000000, 20.000000,110.000000, 67.000000, 19.000000
1696452369652, 605.000000, 212.000000, 68.000000, 20.000000,215.000000, 67.000000, 20.000000
1696452369719, 601.000000, 212.000000, 69.000000, 20.000000,215.000000, 67.000000, 20.000000
1696452369752, 390.000000, 90.000000, 69.000000, 21.000000,85.000000, 68.000000, 20.000000
1696452369803, 609.000000, 212.000000, 69.000000, 20.000000,215.000000, 67.000000, 20.000000
1696452369850, 616.000000, 214.000000, 69.000000, 20.000000,215.000000, 68.000000, 20.000000
1696452369921, 605.000000, 212.000000, 68.000000, 20.000000,213.000000, 68.000000, 20.000000
1696452369972, 609.000000, 212.000000, 69.000000, 20.000000,215.000000, 68.000000, 20.000000
1696452370040, 607.000000, 213.000000, 69.000000, 20.000000,213.000000, 67.000000, 20.000000
1696452370091, 605.000000, 213.000000, 69.000000, 20.000000,214.000000, 67.000000, 20.000000
1696452370161, 614.000000, 212.000000, 69.000000, 20.000000,216.000000, 67.000000, 20.000000
1696452370193, 381.000000, 118.000000, 69.000000, 20.000000,109.000000, 67.000000, 19.000000
1696452370243, 609.000000, 213.000000, 69.000000, 20.000000,214.000000, 67.000000, 20.000000
1696452370309, 607.000000, 212.000000, 69.000000, 20.000000,214.000000, 67.000000, 20.000000
1696452370342, 625.000000, 213.000000, 69.000000, 20.000000,222.000000, 67.000000, 20.000000
1696452370389, 388.000000, 89.000000, 68.000000, 20.000000,96.000000, 67.000000, 20.000000
1696452370437, 621.000000, 212.000000, 69.000000, 20.000000,222.000000, 67.000000, 20.000000
1696452370522, 454.000000, 89.000000, 69.000000, 20.000000,113.000000, 67.000000, 20.000000
1696452370562, 614.000000, 212.000000, 69.000000, 20.000000,223.000000, 67.000000, 20.000000
1696452370613, 607.000000, 212.000000, 69.000000, 20.000000,215.000000, 67.000000, 20.000000
1696452370663, 602.000000, 212.000000, 69.000000, 20.000000,214.000000, 67.000000, 20.000000
1696452370714, 394.000000, 90.000000, 69.000000, 20.000000,85.000000, 68.000000, 20.000000
1696452370771, 605.000000, 212.000000, 69.000000, 20.000000,215.000000, 67.000000, 20.000000
1696452370811, 616.000000, 211.000000, 69.000000, 20.000000,215.000000, 67.000000, 20.000000
1696452370862, 609.000000, 212.000000, 69.000000, 20.000000,216.000000, 67.000000, 20.000000
1696452370910, 397.000000, 211.000000, 69.000000, 20.000000,212.000000, 66.000000, 20.000000
1696452370961, 610.000000, 211.000000, 69.000000, 20.000000,218.000000, 67.000000, 20.000000
1696452371007, 610.000000, 212.000000, 70.000000, 20.000000,89.000000, 67.000000, 20.000000
1696452371057, 612.000000, 212.000000, 69.000000, 20.000000,214.000000, 67.000000, 20.000000
1696452371108, 585.000000, 212.000000, 69.000000, 20.000000,214.000000, 67.000000, 20.000000
1696452371154, 536.000000, 92.000000, 69.000000, 21.000000,153.000000, 68.000000, 20.000000
1696452371204, 625.000000, 212.000000, 69.000000, 20.000000,215.000000, 67.000000, 20.000000
1696452371255, 614.000000, 212.000000, 69.000000, 20.000000,214.000000, 67.000000, 20.000000
1696452371302, 612.000000, 212.000000, 69.000000, 20.000000,213.000000, 67.000000, 20.000000
1696452371351, 462.000000, 213.000000, 69.000000, 20.000000,211.000000, 67.000000, 20.000000
1696452371396, 613.000000, 213.000000, 69.000000, 20.000000,214.000000, 67.000000, 20.000000
1696452371447, 602.000000, 211.000000, 69.000000, 20.000000,213.000000, 67.000000, 20.000000
1696452371494, 605.000000, 213.000000, 70.000000, 20.000000,214.000000, 67.000000, 20.000000
1696452371551, 603.000000, 212.000000, 70.000000, 20.000000,214.000000, 67.000000, 20.000000
1696452371591, 407.000000, 209.000000, 68.000000, 20.000000,212.000000, 66.000000, 19.000000
1696452371643, 607.000000, 212.000000, 69.000000, 20.000000,221.000000, 67.000000, 20.000000
1696452371694, 623.000000, 150.000000, 69.000000, 20.000000,212.000000, 67.000000, 23.000000
1696452371742, 612.000000, 213.000000, 70.000000, 20.000000,223.000000, 67.000000, 20.000000
1696452371810, 620.000000, 213.000000, 69.000000, 20.000000,224.000000, 68.000000, 20.000000
1696452371842, 620.000000, 213.000000, 69.000000, 20.000000,224.000000, 68.000000, 20.000000
1696452371909, 603.000000, 212.000000, 70.000000, 20.000000,213.000000, 67.000000, 20.000000
1696452371944, 613.000000, 212.000000, 68.000000, 20.000000,214.000000, 68.000000, 20.000000
1696452372010, 605.000000, 210.000000, 69.000000, 20.000000,211.000000, 67.000000, 20.000000
1696452372042, 605.000000, 210.000000, 69.000000, 20.000000,211.000000, 67.000000, 20.000000
1696452372095, 602.000000, 117.000000, 69.000000, 21.000000,174.000000, 67.000000, 21.000000
1696452372143, 612.000000, 212.000000, 70.000000, 20.000000,215.000000, 67.000000, 20.000000
1696452372210, 613.000000, 213.000000, 69.000000, 21.000000,212.000000, 67.000000, 20.000000
1696452372242, 613.000000, 213.000000, 69.000000, 21.000000,212.000000, 67.000000, 20.000000
1696452372294, 470.000000, 93.000000, 68.000000, 21.000000,151.000000, 68.000000, 21.000000
1696452372340, 616.000000, 212.000000, 68.000000, 20.000000,215.000000, 67.000000, 20.000000
1696452372387, 603.000000, 212.000000, 69.000000, 20.000000,213.000000, 67.000000, 20.000000
1696452372437, 563.000000, 95.000000, 67.000000, 19.000000,85.000000, 65.000000, 19.000000
1696452372488, 605.000000, 212.000000, 69.000000, 20.000000,213.000000, 68.000000, 20.000000
1696452372559, 612.000000, 212.000000, 69.000000, 20.000000,214.000000, 67.000000, 20.000000
1696452372629, 394.000000, 89.000000, 69.000000, 20.000000,94.000000, 67.000000, 20.000000
1696452372662, 613.000000, 212.000000, 68.000000, 20.000000,217.000000, 67.000000, 20.000000
1696452372729, 558.000000, 211.000000, 69.000000, 20.000000,213.000000, 67.000000, 20.000000
1696452372761, 612.000000, 214.000000, 70.000000, 20.000000,210.000000, 67.000000, 20.000000
1696452372831, 381.000000, 119.000000, 68.000000, 19.000000,130.000000, 66.000000, 20.000000
1696452372881, 614.000000, 213.000000, 69.000000, 20.000000,213.000000, 67.000000, 20.000000
1696452372929, 603.000000, 212.000000, 68.000000, 20.000000,221.000000, 67.000000, 20.000000
1696452372995, 614.000000, 213.000000, 69.000000, 20.000000,221.000000, 67.000000, 21.000000
1696452373034, 514.000000, 212.000000, 69.000000, 20.000000,222.000000, 67.000000, 20.000000
1696452373085, 627.000000, 213.000000, 69.000000, 20.000000,223.000000, 67.000000, 20.000000
1696452373132, 394.000000, 89.000000, 68.000000, 20.000000,102.000000, 67.000000, 20.000000
1696452373181, 616.000000, 213.000000, 69.000000, 20.000000,215.000000, 67.000000, 20.000000
1696452373242, 605.000000, 213.000000, 69.000000, 20.000000,214.000000, 67.000000, 20.000000
1696452373281, 611.000000, 213.000000, 68.000000, 20.000000,213.000000, 67.000000, 20.000000
1696452373332, 394.000000, 90.000000, 69.000000, 20.000000,94.000000, 67.000000, 20.000000
1696452373380, 610.000000, 212.000000, 68.000000, 20.000000,213.000000, 67.000000, 20.000000
1696452373431, 420.000000, 210.000000, 68.000000, 20.000000,211.000000, 66.000000, 20.000000
1696452373499, 614.000000, 212.000000, 69.000000, 20.000000,213.000000, 67.000000, 20.000000
1696452373532, 614.000000, 212.000000, 69.000000, 20.000000,164.000000, 66.000000, 20.000000
1696452373600, 603.000000, 212.000000, 68.000000, 20.000000,213.000000, 67.000000, 20.000000
1696452373652, 607.000000, 211.000000, 68.000000, 20.000000,92.000000, 67.000000, 20.000000
1696452373703, 612.000000, 213.000000, 68.000000, 20.000000,213.000000, 67.000000, 20.000000
1696452373751, 618.000000, 211.000000, 68.000000, 20.000000,213.000000, 67.000000, 20.000000
1696452373803, 581.000000, 105.000000, 68.000000, 19.000000,165.000000, 67.000000, 19.000000
1696452373851, 623.000000, 212.000000, 69.000000, 20.000000,216.000000, 67.000000, 20.000000
1696452373902, 601.000000, 212.000000, 69.000000, 20.000000,214.000000, 68.000000, 20.000000
1696452373953, 605.000000, 212.000000, 69.000000, 20.000000,213.000000, 67.000000, 20.000000
1696452374002, 572.000000, 91.000000, 68.000000, 19.000000,152.000000, 67.000000, 19.000000
1696452374073, 591.000000, 213.000000, 69.000000, 20.000000,216.000000, 67.000000, 20.000000
1696452374124, 612.000000, 214.000000, 69.000000, 20.000000,212.000000, 67.000000, 20.000000
1696452374175, 425.000000, 91.000000, 69.000000, 21.000000,119.000000, 67.000000, 21.000000
1696452374222, 620.000000, 212.000000, 69.000000, 20.000000,221.000000, 67.000000, 20.000000
1696452374270, 612.000000, 212.000000, 69.000000, 20.000000,218.000000, 68.000000, 24.000000
1696452374318, 430.000000, 90.000000, 69.000000, 20.000000,95.000000, 67.000000, 20.000000
1696452374373, 625.000000, 213.000000, 68.000000, 20.000000,223.000000, 67.000000, 20.000000
1696452374423, 616.000000, 212.000000, 69.000000, 20.000000,221.000000, 68.000000, 20.000000
1696452374479, 613.000000, 212.000000, 68.000000, 20.000000,214.000000, 67.000000, 20.000000
1696452374520, 377.000000, 90.000000, 68.000000, 20.000000,85.000000, 67.000000, 20.000000
1696452374571, 609.000000, 212.000000, 70.000000, 20.000000,212.000000, 68.000000, 20.000000
1696452374622, 613.000000, 211.000000, 68.000000, 20.000000,213.000000, 67.000000, 20.000000
1696452374690, 603.000000, 213.000000, 70.000000, 20.000000,211.000000, 68.000000, 21.000000
1696452374722, 384.000000, 90.000000, 69.000000, 20.000000,87.000000, 68.000000, 20.000000
1696452374788, 598.000000, 213.000000, 70.000000, 21.000000,215.000000, 67.000000, 20.000000
1696452374820, 627.000000, 213.000000, 69.000000, 21.000000,211.000000, 67.000000, 20.000000
1696452374868, 603.000000, 214.000000, 69.000000, 20.000000,214.000000, 67.000000, 21.000000
1696452374919, 381.000000, 89.000000, 69.000000, 21.000000,91.000000, 67.000000, 20.000000
1696452374989, 601.000000, 212.000000, 69.000000, 20.000000,215.000000, 67.000000, 20.000000
1696452375059, 611.000000, 213.000000, 69.000000, 20.000000,213.000000, 67.000000, 20.000000
1696452375092, 611.000000, 213.000000, 69.000000, 20.000000,213.000000, 67.000000, 20.000000
1696452375141, 609.000000, 213.000000, 69.000000, 21.000000,215.000000, 67.000000, 20.000000
1696452375192, 609.000000, 213.000000, 69.000000, 20.000000,213.000000, 67.000000, 20.000000
1696452375260, 607.000000, 212.000000, 69.000000, 20.000000,213.000000, 67.000000, 20.000000
1696452375309, 612.000000, 212.000000, 69.000000, 20.000000,213.000000, 67.000000, 20.000000
1696452375341, 605.000000, 213.000000, 69.000000, 20.000000,210.000000, 67.000000, 20.000000
1696452375389, 609.000000, 212.000000, 69.000000, 20.000000,215.000000, 67.000000, 20.000000
1696452375461, 614.000000, 213.000000, 69.000000, 20.000000,227.000000, 67.000000, 20.000000
1696452375513, 622.000000, 212.000000, 69.000000, 20.000000,228.000000, 67.000000, 20.000000
1696452375560, 436.000000, 89.000000, 69.000000, 20.000000,101.000000, 67.000000, 22.000000
1696452375613, 614.000000, 213.000000, 69.000000, 20.000000,228.000000, 67.000000, 20.000000
1696452375660, 640.000000, 212.000000, 69.000000, 20.000000,226.000000, 67.000000, 20.000000
1696452375731, 607.000000, 212.000000, 69.000000, 20.000000,222.000000, 67.000000, 20.000000
1696452375783, 625.000000, 213.000000, 69.000000, 20.000000,215.000000, 67.000000, 20.000000
1696452375833, 612.000000, 213.000000, 69.000000, 21.000000,222.000000, 67.000000, 21.000000
1696452375884, 429.000000, 89.000000, 69.000000, 20.000000,95.000000, 67.000000, 20.000000
1696452375935, 622.000000, 212.000000, 69.000000, 20.000000,221.000000, 67.000000, 20.000000
1696452375983, 619.000000, 216.000000, 68.000000, 20.000000,220.000000, 67.000000, 20.000000
1696452376034, 609.000000, 215.000000, 69.000000, 20.000000,213.000000, 67.000000, 20.000000
1696452376085, 606.000000, 163.000000, 69.000000, 20.000000,146.000000, 68.000000, 21.000000
1696452376138, 581.000000, 213.000000, 69.000000, 20.000000,213.000000, 67.000000, 20.000000
1696452376182, 620.000000, 212.000000, 68.000000, 20.000000,220.000000, 68.000000, 20.000000
1696452376233, 616.000000, 211.000000, 69.000000, 20.000000,220.000000, 67.000000, 20.000000
1696452376291, 377.000000, 89.000000, 69.000000, 20.000000,122.000000, 67.000000, 20.000000
1696452376347, 605.000000, 212.000000, 69.000000, 20.000000,214.000000, 67.000000, 20.000000
1696452376383, 606.000000, 211.000000, 69.000000, 20.000000,214.000000, 67.000000, 20.000000
1696452376434, 613.000000, 212.000000, 69.000000, 20.000000,215.000000, 68.000000, 20.000000
1696452376484, 447.000000, 90.000000, 69.000000, 20.000000,87.000000, 67.000000, 20.000000
1696452376535, 618.000000, 212.000000, 69.000000, 20.000000,212.000000, 67.000000, 20.000000
1696452376586, 603.000000, 213.000000, 69.000000, 20.000000,213.000000, 67.000000, 20.000000
1696452376637, 612.000000, 213.000000, 70.000000, 21.000000,214.000000, 67.000000, 20.000000
1696452376687, 609.000000, 213.000000, 68.000000, 20.000000,213.000000, 68.000000, 20.000000
1696452376739, 434.000000, 90.000000, 69.000000, 20.000000,102.000000, 68.000000, 20.000000
1696452376811, 615.000000, 212.000000, 69.000000, 20.000000,222.000000, 68.000000, 20.000000
1696452376863, 610.000000, 212.000000, 70.000000, 20.000000,219.000000, 68.000000, 20.000000
1696452376915, 625.000000, 212.000000, 69.000000, 20.000000,223.000000, 68.000000, 20.000000
1696452376971, 385.000000, 90.000000, 69.000000, 21.000000,97.000000, 68.000000, 20.000000
1696452377011, 612.000000, 212.000000, 69.000000, 20.000000,222.000000, 68.000000, 20.000000
1696452377063, 605.000000, 212.000000, 69.000000, 20.000000,214.000000, 67.000000, 20.000000
1696452377112, 600.000000, 211.000000, 70.000000, 20.000000,213.000000, 67.000000, 20.000000
1696452377180, 605.000000, 213.000000, 69.000000, 20.000000,215.000000, 67.000000, 20.000000
1696452377212, 605.000000, 213.000000, 69.000000, 20.000000,215.000000, 67.000000, 20.000000
1696452377281, 541.000000, 90.000000, 68.000000, 20.000000,151.000000, 68.000000, 20.000000
1696452377313, 607.000000, 211.000000, 69.000000, 20.000000,213.000000, 67.000000, 20.000000
1696452377380, 616.000000, 213.000000, 69.000000, 20.000000,214.000000, 68.000000, 20.000000
1696452377414, 616.000000, 213.000000, 69.000000, 20.000000,214.000000, 68.000000, 20.000000
1696452377462, 583.000000, 109.000000, 69.000000, 20.000000,121.000000, 67.000000, 21.000000
1696452377527, 616.000000, 213.000000, 68.000000, 20.000000,214.000000, 68.000000, 20.000000
1696452377559, 607.000000, 210.000000, 68.000000, 20.000000,212.000000, 66.000000, 20.000000
1696452377621, 607.000000, 212.000000, 69.000000, 20.000000,213.000000, 67.000000, 20.000000
1696452377659, 607.000000, 212.000000, 69.000000, 20.000000,213.000000, 67.000000, 20.000000
1696452377730, 616.000000, 213.000000, 69.000000, 20.000000,215.000000, 67.000000, 20.000000
1696452377782, 606.000000, 168.000000, 68.000000, 20.000000,159.000000, 66.000000, 21.000000
1696452377832, 616.000000, 212.000000, 69.000000, 20.000000,217.000000, 67.000000, 21.000000
1696452377885, 372.000000, 88.000000, 69.000000, 20.000000,83.000000, 68.000000, 20.000000
1696452377935, 604.000000, 211.000000, 69.000000, 20.000000,214.000000, 67.000000, 20.000000
1696452377985, 607.000000, 212.000000, 69.000000, 20.000000,212.000000, 67.000000, 20.000000
1696452378036, 614.000000, 211.000000, 68.000000, 20.000000,221.000000, 67.000000, 20.000000
1696452378083, 383.000000, 167.000000, 68.000000, 20.000000,195.000000, 68.000000, 20.000000
1696452378134, 620.000000, 212.000000, 69.000000, 20.000000,222.000000, 67.000000, 20.000000
1696452378185, 618.000000, 173.000000, 69.000000, 21.000000,192.000000, 68.000000, 20.000000
1696452378233, 615.000000, 212.000000, 69.000000, 20.000000,222.000000, 67.000000, 20.000000
1696452378281, 616.000000, 212.000000, 68.000000, 20.000000,218.000000, 67.000000, 21.000000
1696452378351, 607.000000, 212.000000, 69.000000, 20.000000,214.000000, 68.000000, 20.000000
1696452378399, 386.000000, 90.000000, 68.000000, 20.000000,93.000000, 67.000000, 20.000000
1696452378432, 607.000000, 212.000000, 69.000000, 20.000000,213.000000, 67.000000, 20.000000
1696452378483, 543.000000, 212.000000, 68.000000, 20.000000,154.000000, 68.000000, 21.000000
1696452378532, 616.000000, 213.000000, 69.000000, 20.000000,214.000000, 67.000000, 20.000000
1696452378577, 603.000000, 212.000000, 68.000000, 20.000000,213.000000, 67.000000, 20.000000
1696452378629, 613.000000, 212.000000, 69.000000, 20.000000,213.000000, 67.000000, 20.000000
1696452378700, 601.000000, 213.000000, 69.000000, 20.000000,215.000000, 67.000000, 20.000000
1696452378772, 623.000000, 214.000000, 69.000000, 20.000000,219.000000, 67.000000, 20.000000
1696452378824, 406.000000, 91.000000, 69.000000, 21.000000,95.000000, 68.000000, 20.000000
1696452378889, 612.000000, 212.000000, 69.000000, 20.000000,215.000000, 67.000000, 20.000000
1696452378924, 594.000000, 213.000000, 69.000000, 20.000000,215.000000, 67.000000, 20.000000
1696452378973, 601.000000, 212.000000, 69.000000, 20.000000,214.000000, 68.000000, 20.000000
1696452379022, 603.000000, 212.000000, 69.000000, 20.000000,215.000000, 67.000000, 20.000000
1696452379092, 607.000000, 212.000000, 68.000000, 20.000000,215.000000, 68.000000, 20.000000
1696452379140, 605.000000, 212.000000, 69.000000, 20.000000,214.000000, 67.000000, 20.000000
1696452379172, 609.000000, 207.000000, 70.000000, 21.000000,209.000000, 68.000000, 20.000000
1696452379224, 484.000000, 91.000000, 69.000000, 21.000000,98.000000, 68.000000, 21.000000
1696452379274, 620.000000, 211.000000, 69.000000, 20.000000,215.000000, 67.000000, 20.000000
1696452379323, 612.000000, 213.000000, 69.000000, 20.000000,219.000000, 68.000000, 20.000000
1696452379374, 603.000000, 212.000000, 69.000000, 20.000000,219.000000, 67.000000, 20.000000
1696452379439, 406.000000, 89.000000, 69.000000, 20.000000,106.000000, 68.000000, 20.000000
1696452379472, 623.000000, 207.000000, 69.000000, 20.000000,223.000000, 67.000000, 20.000000
1696452379543, 614.000000, 214.000000, 69.000000, 21.000000,100.000000, 68.000000, 20.000000
1696452379591, 614.000000, 212.000000, 68.000000, 20.000000,214.000000, 67.000000, 20.000000
1696452379626, 412.000000, 90.000000, 69.000000, 21.000000,93.000000, 67.000000, 21.000000
1696452379672, 607.000000, 212.000000, 69.000000, 20.000000,214.000000, 68.000000, 20.000000
1696452379740, 596.000000, 211.000000, 68.000000, 20.000000,210.000000, 67.000000, 21.000000
1696452379788, 616.000000, 212.000000, 70.000000, 20.000000,213.000000, 68.000000, 20.000000
1696452379823, 616.000000, 212.000000, 70.000000, 20.000000,213.000000, 68.000000, 20.000000
1696452379872, 607.000000, 213.000000, 68.000000, 20.000000,216.000000, 67.000000, 20.000000
1696452379931, 607.000000, 212.000000, 69.000000, 20.000000,213.000000, 68.000000, 20.000000
1696452379971, 423.000000, 90.000000, 69.000000, 20.000000,89.000000, 67.000000, 20.000000
1696452380023, 607.000000, 212.000000, 69.000000, 20.000000,213.000000, 67.000000, 20.000000
1696452380071, 623.000000, 211.000000, 68.000000, 20.000000,215.000000, 67.000000, 20.000000
1696452380122, 596.000000, 211.000000, 68.000000, 20.000000,213.000000, 67.000000, 20.000000
1696452380170, 450.000000, 90.000000, 68.000000, 20.000000,151.000000, 68.000000, 20.000000
1696452380220, 614.000000, 212.000000, 69.000000, 20.000000,213.000000, 67.000000, 20.000000
1696452380271, 612.000000, 213.000000, 69.000000, 20.000000,214.000000, 68.000000, 20.000000
1696452380319, 614.000000, 212.000000, 68.000000, 20.000000,214.000000, 67.000000, 20.000000
1696452380370, 388.000000, 89.000000, 69.000000, 20.000000,93.000000, 67.000000, 20.000000
1696452380418, 616.000000, 213.000000, 69.000000, 20.000000,215.000000, 68.000000, 20.000000
1696452380489, 445.000000, 90.000000, 68.000000, 20.000000,151.000000, 67.000000, 20.000000
1696452380541, 616.000000, 213.000000, 69.000000, 20.000000,213.000000, 68.000000, 20.000000
1696452380593, 638.000000, 212.000000, 69.000000, 20.000000,221.000000, 67.000000, 20.000000
1696452380644, 605.000000, 213.000000, 69.000000, 20.000000,223.000000, 67.000000, 20.000000
1696452380710, 620.000000, 213.000000, 69.000000, 20.000000,222.000000, 67.000000, 20.000000
1696452380742, 620.000000, 213.000000, 69.000000, 20.000000,222.000000, 67.000000, 20.000000
1696452380794, 634.000000, 212.000000, 70.000000, 20.000000,220.000000, 67.000000, 20.000000
1696452380840, 614.000000, 212.000000, 69.000000, 20.000000,221.000000, 67.000000, 21.000000
1696452380901, 397.000000, 210.000000, 68.000000, 20.000000,151.000000, 67.000000, 20.000000
1696452380938, 607.000000, 214.000000, 69.000000, 21.000000,214.000000, 67.000000, 20.000000
1696452380989, 468.000000, 93.000000, 68.000000, 20.000000,151.000000, 68.000000, 20.000000
1696452381034, 612.000000, 215.000000, 69.000000, 20.000000,216.000000, 68.000000, 20.000000
1696452381086, 614.000000, 214.000000, 69.000000, 20.000000,213.000000, 67.000000, 20.000000
1696452381136, 607.000000, 213.000000, 68.000000, 20.000000,213.000000, 68.000000, 20.000000
1696452381187, 398.000000, 91.000000, 69.000000, 20.000000,96.000000, 68.000000, 20.000000
1696452381237, 605.000000, 215.000000, 69.000000, 20.000000,216.000000, 68.000000, 20.000000
1696452381283, 616.000000, 214.000000, 69.000000, 20.000000,214.000000, 68.000000, 20.000000
1696452381334, 612.000000, 215.000000, 69.000000, 20.000000,214.000000, 67.000000, 20.000000
1696452381381, 610.000000, 213.000000, 69.000000, 20.000000,213.000000, 67.000000, 20.000000
1696452381413, 394.000000, 91.000000, 69.000000, 20.000000,86.000000, 67.000000, 20.000000
1696452381461, 607.000000, 214.000000, 69.000000, 20.000000,214.000000, 67.000000, 20.000000
1696452381513, 620.000000, 213.000000, 69.000000, 20.000000,214.000000, 67.000000, 20.000000
1696452381566, 616.000000, 214.000000, 69.000000, 20.000000,214.000000, 67.000000, 20.000000
1696452381630, 616.000000, 214.000000, 69.000000, 20.000000,215.000000, 67.000000, 20.000000
1696452381662, 616.000000, 214.000000, 69.000000, 20.000000,215.000000, 67.000000, 20.000000
1696452381713, 610.000000, 214.000000, 69.000000, 20.000000,216.000000, 67.000000, 20.000000
1696452381781, 612.000000, 213.000000, 70.000000, 20.000000,214.000000, 67.000000, 20.000000
1696452381830, 614.000000, 211.000000, 69.000000, 20.000000,212.000000, 67.000000, 20.000000
1696452381863, 614.000000, 211.000000, 69.000000, 20.000000,212.000000, 67.000000, 20.000000
1696452381921, 495.000000, 91.000000, 69.000000, 21.000000,100.000000, 68.000000, 21.000000
1696452381958, 625.000000, 212.000000, 69.000000, 20.000000,217.000000, 67.000000, 20.000000
1696452382030, 616.000000, 173.000000, 69.000000, 21.000000,194.000000, 67.000000, 21.000000
1696452382076, 625.000000, 213.000000, 69.000000, 20.000000,220.000000, 67.000000, 20.000000
1696452382138, 618.000000, 212.000000, 69.000000, 20.000000,222.000000, 67.000000, 20.000000
1696452382175, 601.000000, 91.000000, 69.000000, 20.000000,101.000000, 67.000000, 20.000000
1696452382240, 605.000000, 212.000000, 69.000000, 20.000000,213.000000, 67.000000, 20.000000
1696452382273, 607.000000, 212.000000, 68.000000, 20.000000,211.000000, 67.000000, 20.000000
1696452382322, 616.000000, 212.000000, 69.000000, 20.000000,213.000000, 67.000000, 20.000000
1696452382390, 609.000000, 212.000000, 69.000000, 20.000000,214.000000, 67.000000, 20.000000
1696452382439, 603.000000, 212.000000, 69.000000, 20.000000,214.000000, 68.000000, 20.000000
1696452382471, 441.000000, 89.000000, 69.000000, 20.000000,91.000000, 67.000000, 20.000000
1696452382525, 607.000000, 210.000000, 69.000000, 20.000000,213.000000, 66.000000, 20.000000
1696452382588, 381.000000, 89.000000, 69.000000, 20.000000,100.000000, 67.000000, 20.000000
1696452382622, 616.000000, 212.000000, 69.000000, 20.000000,214.000000, 67.000000, 20.000000
1696452382672, 465.000000, 90.000000, 69.000000, 20.000000,150.000000, 67.000000, 21.000000
1696452382723, 616.000000, 212.000000, 69.000000, 21.000000,213.000000, 67.000000, 21.000000
1696452382770, 603.000000, 212.000000, 69.000000, 20.000000,210.000000, 67.000000, 20.000000
1696452382821, 609.000000, 216.000000, 69.000000, 20.000000,215.000000, 67.000000, 20.000000
1696452382872, 414.000000, 90.000000, 69.000000, 20.000000,93.000000, 67.000000, 20.000000
1696452382920, 609.000000, 215.000000, 69.000000, 20.000000,208.000000, 67.000000, 20.000000
1696452382991, 478.000000, 89.000000, 68.000000, 20.000000,93.000000, 67.000000, 20.000000
1696452383042, 614.000000, 214.000000, 69.000000, 20.000000,214.000000, 67.000000, 20.000000
1696452383111, 614.000000, 213.000000, 69.000000, 20.000000,211.000000, 67.000000, 20.000000
1696452383162, 628.000000, 212.000000, 69.000000, 20.000000,219.000000, 67.000000, 23.000000
1696452383213, 547.000000, 213.000000, 69.000000, 20.000000,156.000000, 68.000000, 21.000000
1696452383272, 623.000000, 213.000000, 69.000000, 20.000000,221.000000, 67.000000, 20.000000
1696452383311, 394.000000, 90.000000, 69.000000, 20.000000,105.000000, 68.000000, 20.000000
1696452383357, 623.000000, 213.000000, 69.000000, 20.000000,223.000000, 68.000000, 20.000000
1696452383408, 618.000000, 212.000000, 69.000000, 20.000000,223.000000, 67.000000, 20.000000
1696452383458, 448.000000, 89.000000, 69.000000, 20.000000,94.000000, 68.000000, 20.000000
1696452383504, 607.000000, 212.000000, 69.000000, 20.000000,213.000000, 68.000000, 20.000000
1696452383555, 618.000000, 213.000000, 69.000000, 20.000000,214.000000, 68.000000, 21.000000
1696452383605, 601.000000, 212.000000, 69.000000, 20.000000,215.000000, 67.000000, 20.000000
1696452383652, 561.000000, 213.000000, 69.000000, 20.000000,211.000000, 68.000000, 20.000000
1696452383704, 612.000000, 213.000000, 70.000000, 20.000000,215.000000, 67.000000, 20.000000
1696452383751, 607.000000, 212.000000, 69.000000, 20.000000,92.000000, 68.000000, 20.000000
1696452383802, 623.000000, 213.000000, 69.000000, 20.000000,215.000000, 67.000000, 20.000000
1696452383869, 607.000000, 212.000000, 69.000000, 20.000000,213.000000, 67.000000, 20.000000
1696452383921, 613.000000, 212.000000, 69.000000, 20.000000,214.000000, 67.000000, 20.000000
1696452383966, 609.000000, 212.000000, 69.000000, 20.000000,214.000000, 67.000000, 20.000000
1696452384017, 401.000000, 91.000000, 69.000000, 20.000000,91.000000, 68.000000, 20.000000
1696452384069, 610.000000, 213.000000, 70.000000, 20.000000,213.000000, 67.000000, 20.000000
1696452384140, 609.000000, 212.000000, 69.000000, 20.000000,214.000000, 67.000000, 20.000000
1696452384199, 500.000000, 213.000000, 69.000000, 21.000000,151.000000, 68.000000, 20.000000
1696452384238, 602.000000, 212.000000, 69.000000, 20.000000,213.000000, 67.000000, 20.000000
1696452384288, 600.000000, 210.000000, 69.000000, 20.000000,211.000000, 67.000000, 20.000000
1696452384338, 439.000000, 89.000000, 69.000000, 20.000000,84.000000, 67.000000, 20.000000
1696452384384, 612.000000, 212.000000, 69.000000, 20.000000,212.000000, 67.000000, 20.000000
1696452384435, 612.000000, 173.000000, 70.000000, 20.000000,207.000000, 68.000000, 20.000000
1696452384485, 625.000000, 212.000000, 69.000000, 20.000000,221.000000, 67.000000, 20.000000
1696452384535, 560.000000, 212.000000, 69.000000, 20.000000,152.000000, 67.000000, 23.000000
1696452384601, 610.000000, 213.000000, 70.000000, 20.000000,223.000000, 67.000000, 20.000000
1696452384633, 408.000000, 90.000000, 69.000000, 20.000000,101.000000, 67.000000, 20.000000
1696452384683, 612.000000, 213.000000, 69.000000, 20.000000,222.000000, 67.000000, 20.000000
1696452384731, 611.000000, 213.000000, 70.000000, 20.000000,215.000000, 67.000000, 20.000000
1696452384777, 441.000000, 90.000000, 69.000000, 20.000000,152.000000, 67.000000, 20.000000
1696452384828, 614.000000, 213.000000, 69.000000, 20.000000,214.000000, 67.000000, 20.000000
1696452384875, 378.000000, 89.000000, 69.000000, 20.000000,93.000000, 67.000000, 21.000000
1696452384925, 623.000000, 213.000000, 69.000000, 20.000000,217.000000, 67.000000, 20.000000
1696452384975, 371.000000, 161.000000, 69.000000, 20.000000,156.000000, 67.000000, 20.000000
1696452385026, 605.000000, 214.000000, 69.000000, 20.000000,214.000000, 67.000000, 20.000000
1696452385077, 609.000000, 196.000000, 69.000000, 20.000000,211.000000, 67.000000, 20.000000
1696452385123, 609.000000, 211.000000, 68.000000, 20.000000,213.000000, 67.000000, 20.000000
1696452385173, 609.000000, 213.000000, 69.000000, 20.000000,217.000000, 67.000000, 20.000000
1696452385221, 439.000000, 90.000000, 69.000000, 20.000000,151.000000, 67.000000, 20.000000
1696452385268, 618.000000, 214.000000, 69.000000, 20.000000,217.000000, 67.000000, 20.000000
1696452385340, 607.000000, 213.000000, 69.000000, 20.000000,214.000000, 68.000000, 20.000000
1696452385392, 607.000000, 211.000000, 68.000000, 20.000000,212.000000, 67.000000, 20.000000
1696452385438, 618.000000, 212.000000, 69.000000, 20.000000,214.000000, 67.000000, 20.000000
1696452385488, 614.000000, 213.000000, 69.000000, 20.000000,213.000000, 67.000000, 20.000000
1696452385537, 379.000000, 90.000000, 69.000000, 20.000000,91.000000, 68.000000, 20.000000
1696452385587, 614.000000, 212.000000, 69.000000, 20.000000,213.000000, 67.000000, 20.000000
1696452385633, 610.000000, 213.000000, 68.000000, 20.000000,213.000000, 67.000000, 20.000000
1696452385691, 607.000000, 211.000000, 68.000000, 20.000000,212.000000, 67.000000, 20.000000
1696452385732, 618.000000, 213.000000, 68.000000, 20.000000,221.000000, 67.000000, 20.000000
1696452385783, 603.000000, 92.000000, 69.000000, 20.000000,94.000000, 68.000000, 20.000000
1696452385833, 618.000000, 213.000000, 69.000000, 20.000000,222.000000, 68.000000, 21.000000
1696452385881, 627.000000, 214.000000, 68.000000, 20.000000,224.000000, 67.000000, 20.000000
1696452385927, 616.000000, 214.000000, 70.000000, 20.000000,223.000000, 67.000000, 20.000000
1696452385978, 545.000000, 212.000000, 68.000000, 20.000000,156.000000, 67.000000, 21.000000
1696452386026, 616.000000, 213.000000, 69.000000, 20.000000,216.000000, 67.000000, 20.000000
1696452386077, 423.000000, 91.000000, 69.000000, 21.000000,98.000000, 67.000000, 20.000000
1696452386123, 605.000000, 211.000000, 68.000000, 20.000000,213.000000, 67.000000, 20.000000
1696452386173, 614.000000, 212.000000, 69.000000, 20.000000,213.000000, 67.000000, 20.000000
1696452386220, 412.000000, 89.000000, 68.000000, 20.000000,84.000000, 67.000000, 20.000000
1696452386271, 605.000000, 212.000000, 69.000000, 20.000000,214.000000, 67.000000, 20.000000
1696452386319, 585.000000, 95.000000, 69.000000, 21.000000,94.000000, 68.000000, 21.000000
1696452386391, 610.000000, 213.000000, 69.000000, 20.000000,214.000000, 67.000000, 20.000000
1696452386442, 607.000000, 212.000000, 69.000000, 20.000000,215.000000, 67.000000, 20.000000
1696452386490, 609.000000, 213.000000, 69.000000, 20.000000,216.000000, 67.000000, 20.000000
1696452386560, 609.000000, 216.000000, 69.000000, 20.000000,214.000000, 67.000000, 20.000000
1696452386594, 609.000000, 216.000000, 69.000000, 20.000000,214.000000, 67.000000, 20.000000
1696452386639, 532.000000, 91.000000, 69.000000, 20.000000,95.000000, 67.000000, 20.000000
1696452386711, 609.000000, 212.000000, 69.000000, 20.000000,215.000000, 67.000000, 20.000000
1696452386763, 614.000000, 211.000000, 69.000000, 20.000000,215.000000, 68.000000, 20.000000
1696452386810, 616.000000, 212.000000, 69.000000, 20.000000,214.000000, 67.000000, 20.000000
1696452386862, 381.000000, 90.000000, 69.000000, 21.000000,90.000000, 68.000000, 20.000000
1696452386913, 609.000000, 213.000000, 69.000000, 20.000000,214.000000, 68.000000, 20.000000
1696452386961, 596.000000, 96.000000, 69.000000, 21.000000,100.000000, 68.000000, 21.000000
1696452387031, 618.000000, 213.000000, 69.000000, 20.000000,221.000000, 67.000000, 20.000000
1696452387063, 388.000000, 90.000000, 68.000000, 20.000000,92.000000, 67.000000, 20.000000
1696452387121, 609.000000, 213.000000, 69.000000, 20.000000,221.000000, 67.000000, 20.000000
1696452387161, 444.000000, 90.000000, 69.000000, 21.000000,100.000000, 67.000000, 20.000000
1696452387231, 621.000000, 213.000000, 68.000000, 20.000000,222.000000, 67.000000, 21.000000
1696452387280, 623.000000, 212.000000, 69.000000, 20.000000,215.000000, 67.000000, 20.000000
1696452387350, 609.000000, 212.000000, 68.000000, 20.000000,213.000000, 67.000000, 20.000000
1696452387401, 611.000000, 212.000000, 69.000000, 20.000000,216.000000, 67.000000, 20.000000
1696452387447, 614.000000, 213.000000, 69.000000, 20.000000,216.000000, 67.000000, 20.000000
1696452387499, 379.000000, 91.000000, 69.000000, 20.000000,93.000000, 67.000000, 20.000000
1696452387551, 607.000000, 212.000000, 69.000000, 20.000000,212.000000, 67.000000, 20.000000
1696452387621, 441.000000, 89.000000, 68.000000, 20.000000,153.000000, 67.000000, 20.000000
1696452387671, 605.000000, 213.000000, 69.000000, 20.000000,213.000000, 67.000000, 20.000000
1696452387731, 445.000000, 89.000000, 68.000000, 20.000000,151.000000, 67.000000, 20.000000
1696452387769, 609.000000, 213.000000, 68.000000, 20.000000,215.000000, 68.000000, 20.000000
1696452387820, 602.000000, 212.000000, 69.000000, 20.000000,213.000000, 67.000000, 20.000000
1696452387891, 606.000000, 212.000000, 68.000000, 20.000000,214.000000, 68.000000, 20.000000
1696452387960, 618.000000, 213.000000, 69.000000, 20.000000,213.000000, 67.000000, 20.000000
1696452388010, 609.000000, 215.000000, 69.000000, 20.000000,213.000000, 67.000000, 20.000000
1696452388061, 372.000000, 90.000000, 69.000000, 21.000000,93.000000, 67.000000, 21.000000
1696452388129, 605.000000, 214.000000, 69.000000, 20.000000,213.000000, 67.000000, 20.000000
1696452388161, 386.000000, 90.000000, 69.000000, 21.000000,93.000000, 68.000000, 20.000000
1696452388212, 620.000000, 213.000000, 69.000000, 21.000000,216.000000, 67.000000, 20.000000
1696452388260, 593.000000, 212.000000, 69.000000, 20.000000,210.000000, 67.000000, 20.000000
1696452388332, 627.000000, 213.000000, 69.000000, 20.000000,221.000000, 67.000000, 20.000000
1696452388383, 534.000000, 211.000000, 69.000000, 20.000000,155.000000, 66.000000, 20.000000
1696452388433, 622.000000, 212.000000, 69.000000, 20.000000,221.000000, 67.000000, 20.000000
1696452388481, 387.000000, 89.000000, 69.000000, 20.000000,98.000000, 67.000000, 20.000000
1696452388529, 634.000000, 213.000000, 69.000000, 20.000000,219.000000, 67.000000, 20.000000
1696452388601, 450.000000, 89.000000, 69.000000, 20.000000,96.000000, 67.000000, 20.000000
1696452388652, 612.000000, 213.000000, 69.000000, 20.000000,214.000000, 67.000000, 20.000000
1696452388700, 600.000000, 212.000000, 69.000000, 20.000000,212.000000, 67.000000, 21.000000
1696452388752, 609.000000, 212.000000, 69.000000, 20.000000,214.000000, 67.000000, 20.000000
1696452388799, 616.000000, 213.000000, 69.000000, 20.000000,212.000000, 67.000000, 20.000000
1696452388870, 603.000000, 213.000000, 69.000000, 20.000000,214.000000, 67.000000, 20.000000
1696452388923, 385.000000, 89.000000, 69.000000, 20.000000,93.000000, 67.000000, 21.000000
1696452388971, 616.000000, 212.000000, 69.000000, 20.000000,215.000000, 67.000000, 20.000000
1696452389041, 600.000000, 211.000000, 69.000000, 20.000000,89.000000, 67.000000, 20.000000
1696452389092, 605.000000, 211.000000, 69.000000, 20.000000,220.000000, 67.000000, 20.000000
1696452389143, 554.000000, 212.000000, 68.000000, 20.000000,148.000000, 67.000000, 20.000000
1696452389201, 609.000000, 212.000000, 69.000000, 20.000000,215.000000, 67.000000, 20.000000
1696452389263, 363.000000, 92.000000, 69.000000, 20.000000,79.000000, 68.000000, 20.000000
1696452389335, 352.000000, 88.000000, 69.000000, 20.000000,72.000000, 67.000000, 20.000000
1696452389376, 352.000000, 86.000000, 69.000000, 21.000000,79.000000, 67.000000, 21.000000
1696452389431, 350.000000, 92.000000, 69.000000, 21.000000,72.000000, 67.000000, 21.000000
1696452389489, 350.000000, 89.000000, 69.000000, 20.000000,74.000000, 68.000000, 20.000000
1696452389567, 412.000000, 93.000000, 83.000000, 20.000000,79.000000, 95.000000, 20.000000
1696452389608, 420.000000, 95.000000, 99.000000, 21.000000,81.000000, 97.000000, 21.000000
1696452389642, 420.000000, 95.000000, 99.000000, 21.000000,81.000000, 97.000000, 21.000000
1696452389678, 423.000000, 92.000000, 99.000000, 20.000000,88.000000, 97.000000, 20.000000
1696452389711, 444.000000, 102.000000, 99.000000, 21.000000,87.000000, 97.000000, 20.000000
1696452389761, 402.000000, 73.000000, 99.000000, 20.000000,80.000000, 98.000000, 20.000000
1696452389827, 405.000000, 72.000000, 99.000000, 20.000000,83.000000, 97.000000, 20.000000
1696452389866, 400.000000, 81.000000, 99.000000, 21.000000,77.000000, 99.000000, 20.000000
1696452389907, 403.000000, 72.000000, 99.000000, 21.000000,70.000000, 97.000000, 20.000000
1696452389956, 385.000000, 70.000000, 98.000000, 20.000000,70.000000, 97.000000, 20.000000
1696452390006, 390.000000, 71.000000, 99.000000, 21.000000,77.000000, 97.000000, 21.000000
1696452390056, 392.000000, 70.000000, 99.000000, 20.000000,70.000000, 98.000000, 20.000000
1696452390107, 401.000000, 71.000000, 99.000000, 20.000000,74.000000, 98.000000, 20.000000
1696452390156, 390.000000, 70.000000, 99.000000, 20.000000,78.000000, 97.000000, 20.000000
1696452390206, 405.000000, 70.000000, 99.000000, 20.000000,78.000000, 98.000000, 20.000000
1696452390256, 392.000000, 71.000000, 99.000000, 20.000000,72.000000, 97.000000, 20.000000
1696452390307, 392.000000, 71.000000, 99.000000, 20.000000,76.000000, 98.000000, 20.000000
1696452390356, 400.000000, 70.000000, 99.000000, 20.000000,72.000000, 98.000000, 20.000000
1696452390406, 394.000000, 71.000000, 100.000000, 20.000000,78.000000, 98.000000, 21.000000
1696452390456, 396.000000, 71.000000, 100.000000, 20.000000,72.000000, 98.000000, 20.000000
1696452390506, 388.000000, 71.000000, 100.000000, 21.000000,75.000000, 97.000000, 20.000000
1696452390556, 391.000000, 69.000000, 99.000000, 20.000000,71.000000, 98.000000, 20.000000
1696452390607, 388.000000, 70.000000, 100.000000, 20.000000,76.000000, 97.000000, 20.000000
1696452390656, 399.000000, 70.000000, 100.000000, 20.000000,72.000000, 98.000000, 20.000000
1696452390706, 399.000000, 71.000000, 100.000000, 21.000000,72.000000, 97.000000, 20.000000
1696452390756, 380.000000, 70.000000, 100.000000, 20.000000,71.000000, 97.000000, 20.000000
1696452390806, 394.000000, 72.000000, 100.000000, 20.000000,78.000000, 98.000000, 20.000000
1696452390874, 403.000000, 70.000000, 99.000000, 20.000000,83.000000, 97.000000, 20.000000
