Timestamp (ms),Node Power (W),Socket 0 CPU Power (W),Socket 0 GPU Power (W),Socket 0 Mem Power (W),Socket 1 CPU Power (W),Socket 1 GPU Power (W),Socket 1 Mem Power (W)
1696452338886, 431.000000, 111.000000, 69.000000, 21.000000,100.000000, 69.000000, 21.000000
1696452338918, 458.000000, 113.000000, 68.000000, 21.000000,129.000000, 69.000000, 22.000000
1696452338968, 455.000000, 115.000000, 69.000000, 21.000000,119.000000, 70.000000, 21.000000
1696452339016, 440.000000, 110.000000, 69.000000, 21.000000,100.000000, 69.000000, 21.000000
1696452339067, 438.000000, 118.000000, 69.000000, 22.000000,112.000000, 69.000000, 21.000000
1696452339116, 419.000000, 94.000000, 70.000000, 21.000000,115.000000, 69.000000, 25.000000
1696452339166, 422.000000, 103.000000, 69.000000, 21.000000,105.000000, 69.000000, 21.000000
1696452339216, 427.000000, 98.000000, 69.000000, 21.000000,109.000000, 69.000000, 22.000000
1696452339266, 429.000000, 93.000000, 69.000000, 21.000000,112.000000, 69.000000, 21.000000
1696452339316, 415.000000, 91.000000, 69.000000, 21.000000,118.000000, 70.000000, 27.000000
1696452339366, 413.000000, 90.000000, 69.000000, 21.000000,106.000000, 69.000000, 21.000000
1696452339416, 415.000000, 89.000000, 69.000000, 20.000000,108.000000, 69.000000, 21.000000
1696452339482, 413.000000, 91.000000, 69.000000, 21.000000,103.000000, 69.000000, 21.000000
1696452339538, 658.000000, 216.000000, 69.000000, 20.000000,229.000000, 69.000000, 21.000000
1696452339569, 611.000000, 190.000000, 69.000000, 21.000000,205.000000, 69.000000, 21.000000
1696452339617, 476.000000, 119.000000, 69.000000, 21.000000,135.000000, 69.000000, 21.000000
1696452339673, 615.000000, 216.000000, 69.000000, 23.000000,236.000000, 70.000000, 23.000000
1696452339716, 447.000000, 110.000000, 69.000000, 22.000000,108.000000, 69.000000, 23.000000
1696452339766, 432.000000, 112.000000, 68.000000, 21.000000,110.000000, 69.000000, 21.000000
1696452339832, 424.000000, 104.000000, 70.000000, 21.000000,93.000000, 69.000000, 21.000000
1696452339874, 578.000000, 112.000000, 69.000000, 21.000000,114.000000, 69.000000, 21.000000
1696452339938, 663.000000, 218.000000, 69.000000, 21.000000,234.000000, 68.000000, 21.000000
1696452339984, 638.000000, 219.000000, 69.000000, 21.000000,235.000000, 70.000000, 21.000000
1696452340028, 566.000000, 93.000000, 69.000000, 21.000000,104.000000, 70.000000, 21.000000
1696452340079, 653.000000, 218.000000, 69.000000, 21.000000,234.000000, 69.000000, 21.000000
1696452340118, 664.000000, 220.000000, 69.000000, 21.000000,233.000000, 70.000000, 22.000000
1696452340174, 552.000000, 221.000000, 70.000000, 22.000000,237.000000, 70.000000, 22.000000
1696452340224, 663.000000, 218.000000, 69.000000, 21.000000,234.000000, 68.000000, 21.000000
1696452340270, 649.000000, 218.000000, 70.000000, 21.000000,235.000000, 70.000000, 21.000000
1696452340320, 675.000000, 228.000000, 69.000000, 21.000000,235.000000, 69.000000, 21.000000
1696452340378, 665.000000, 225.000000, 69.000000, 21.000000,234.000000, 70.000000, 21.000000
1696452340420, 602.000000, 104.000000, 70.000000, 21.000000,134.000000, 69.000000, 22.000000
1696452340470, 669.000000, 226.000000, 69.000000, 21.000000,234.000000, 70.000000, 21.000000
1696452340516, 666.000000, 95.000000, 70.000000, 21.000000,114.000000, 70.000000, 21.000000
1696452340566, 663.000000, 220.000000, 69.000000, 21.000000,236.000000, 70.000000, 21.000000
1696452340617, 607.000000, 220.000000, 69.000000, 21.000000,236.000000, 70.000000, 21.000000
1696452340683, 664.000000, 219.000000, 70.000000, 21.000000,236.000000, 70.000000, 21.000000
1696452340734, 558.000000, 220.000000, 68.000000, 21.000000,235.000000, 70.000000, 21.000000
1696452340780, 667.000000, 187.000000, 69.000000, 21.000000,225.000000, 70.000000, 21.000000
1696452340829, 662.000000, 218.000000, 69.000000, 20.000000,234.000000, 69.000000, 21.000000
1696452340880, 665.000000, 220.000000, 69.000000, 20.000000,236.000000, 68.000000, 21.000000
1696452340929, 656.000000, 219.000000, 69.000000, 20.000000,239.000000, 69.000000, 21.000000
1696452340979, 504.000000, 92.000000, 69.000000, 21.000000,106.000000, 70.000000, 21.000000
1696452341031, 662.000000, 217.000000, 69.000000, 21.000000,235.000000, 68.000000, 21.000000
1696452341077, 587.000000, 93.000000, 69.000000, 21.000000,116.000000, 70.000000, 22.000000
1696452341128, 655.000000, 219.000000, 68.000000, 21.000000,230.000000, 69.000000, 21.000000
1696452341197, 665.000000, 218.000000, 69.000000, 20.000000,231.000000, 69.000000, 22.000000
1696452341247, 649.000000, 221.000000, 69.000000, 21.000000,234.000000, 68.000000, 21.000000
1696452341300, 523.000000, 219.000000, 70.000000, 21.000000,164.000000, 69.000000, 21.000000
1696452341347, 665.000000, 218.000000, 69.000000, 20.000000,234.000000, 69.000000, 21.000000
1696452341417, 528.000000, 90.000000, 69.000000, 20.000000,108.000000, 70.000000, 21.000000
1696452341467, 662.000000, 220.000000, 69.000000, 21.000000,234.000000, 70.000000, 21.000000
1696452341516, 587.000000, 218.000000, 69.000000, 20.000000,234.000000, 68.000000, 21.000000
1696452341566, 658.000000, 226.000000, 69.000000, 21.000000,235.000000, 69.000000, 21.000000
1696452341598, 517.000000, 101.000000, 69.000000, 21.000000,107.000000, 70.000000, 22.000000
1696452341668, 666.000000, 226.000000, 69.000000, 21.000000,234.000000, 69.000000, 21.000000
1696452341719, 614.000000, 101.000000, 69.000000, 21.000000,104.000000, 69.000000, 21.000000
1696452341778, 676.000000, 227.000000, 69.000000, 20.000000,235.000000, 69.000000, 21.000000
1696452341813, 647.000000, 221.000000, 69.000000, 21.000000,241.000000, 69.000000, 22.000000
1696452341863, 603.000000, 92.000000, 69.000000, 21.000000,102.000000, 69.000000, 21.000000
1696452341913, 664.000000, 219.000000, 69.000000, 21.000000,235.000000, 69.000000, 21.000000
1696452341963, 667.000000, 219.000000, 68.000000, 20.000000,233.000000, 68.000000, 21.000000
1696452342009, 657.000000, 219.000000, 68.000000, 20.000000,235.000000, 69.000000, 21.000000
1696452342059, 508.000000, 218.000000, 68.000000, 20.000000,163.000000, 69.000000, 21.000000
1696452342109, 667.000000, 221.000000, 69.000000, 21.000000,230.000000, 69.000000, 21.000000
1696452342141, 431.000000, 121.000000, 68.000000, 20.000000,129.000000, 68.000000, 21.000000
1696452342191, 667.000000, 221.000000, 70.000000, 21.000000,237.000000, 69.000000, 22.000000
1696452342241, 665.000000, 219.000000, 69.000000, 20.000000,235.000000, 69.000000, 21.000000
1696452342291, 656.000000, 220.000000, 70.000000, 21.000000,236.000000, 70.000000, 22.000000
1696452342339, 585.000000, 218.000000, 70.000000, 21.000000,228.000000, 70.000000, 22.000000
1696452342407, 634.000000, 219.000000, 69.000000, 21.000000,233.000000, 69.000000, 21.000000
1696452342440, 563.000000, 92.000000, 69.000000, 21.000000,108.000000, 69.000000, 22.000000
1696452342489, 658.000000, 219.000000, 69.000000, 21.000000,236.000000, 69.000000, 21.000000
1696452342558, 663.000000, 95.000000, 70.000000, 21.000000,111.000000, 70.000000, 22.000000
1696452342605, 638.000000, 219.000000, 69.000000, 21.000000,236.000000, 70.000000, 21.000000
1696452342638, 541.000000, 93.000000, 69.000000, 21.000000,107.000000, 69.000000, 21.000000
1696452342689, 660.000000, 220.000000, 69.000000, 21.000000,236.000000, 70.000000, 21.000000
1696452342739, 521.000000, 221.000000, 68.000000, 20.000000,235.000000, 69.000000, 21.000000
1696452342786, 669.000000, 220.000000, 70.000000, 21.000000,234.000000, 69.000000, 21.000000
1696452342838, 653.000000, 214.000000, 69.000000, 21.000000,237.000000, 70.000000, 21.000000
1696452342907, 671.000000, 228.000000, 69.000000, 21.000000,234.000000, 68.000000, 21.000000
1696452342956, 640.000000, 226.000000, 69.000000, 21.000000,235.000000, 70.000000, 21.000000
1696452343008, 673.000000, 230.000000, 70.000000, 21.000000,234.000000, 69.000000, 21.000000
1696452343080, 599.000000, 94.000000, 69.000000, 20.000000,108.000000, 69.000000, 21.000000
1696452343147, 665.000000, 220.000000, 69.000000, 21.000000,237.000000, 69.000000, 21.000000
1696452343178, 621.000000, 219.000000, 69.000000, 21.000000,236.000000, 69.000000, 21.000000
1696452343231, 664.000000, 219.000000, 70.000000, 21.000000,236.000000, 70.000000, 21.000000
1696452343280, 588.000000, 95.000000, 70.000000, 22.000000,110.000000, 70.000000, 22.000000
1696452343329, 666.000000, 220.000000, 69.000000, 21.000000,236.000000, 69.000000, 21.000000
1696452343379, 581.000000, 218.000000, 69.000000, 20.000000,235.000000, 69.000000, 21.000000
1696452343430, 669.000000, 219.000000, 68.000000, 20.000000,235.000000, 68.000000, 21.000000
1696452343479, 664.000000, 221.000000, 70.000000, 21.000000,236.000000, 69.000000, 21.000000
1696452343525, 669.000000, 220.000000, 69.000000, 21.000000,237.000000, 69.000000, 21.000000
1696452343575, 655.000000, 220.000000, 70.000000, 21.000000,237.000000, 70.000000, 21.000000
1696452343644, 662.000000, 219.000000, 69.000000, 21.000000,236.000000, 68.000000, 21.000000
1696452343677, 662.000000, 219.000000, 69.000000, 21.000000,236.000000, 68.000000, 21.000000
1696452343723, 665.000000, 96.000000, 69.000000, 21.000000,126.000000, 69.000000, 21.000000
1696452343773, 660.000000, 222.000000, 69.000000, 21.000000,237.000000, 69.000000, 21.000000
1696452343825, 549.000000, 221.000000, 70.000000, 21.000000,233.000000, 70.000000, 22.000000
1696452343869, 664.000000, 222.000000, 70.000000, 21.000000,241.000000, 69.000000, 21.000000
1696452343919, 656.000000, 219.000000, 68.000000, 20.000000,235.000000, 68.000000, 21.000000
1696452343969, 667.000000, 219.000000, 69.000000, 21.000000,236.000000, 69.000000, 21.000000
1696452344017, 651.000000, 221.000000, 69.000000, 21.000000,237.000000, 69.000000, 21.000000
1696452344068, 519.000000, 92.000000, 70.000000, 21.000000,114.000000, 70.000000, 21.000000
1696452344135, 642.000000, 228.000000, 69.000000, 21.000000,236.000000, 69.000000, 21.000000
1696452344185, 576.000000, 101.000000, 70.000000, 21.000000,139.000000, 70.000000, 22.000000
1696452344237, 675.000000, 227.000000, 70.000000, 21.000000,236.000000, 70.000000, 21.000000
1696452344307, 676.000000, 231.000000, 69.000000, 21.000000,235.000000, 69.000000, 21.000000
1696452344357, 653.000000, 227.000000, 69.000000, 21.000000,233.000000, 69.000000, 21.000000
1696452344389, 515.000000, 106.000000, 69.000000, 23.000000,105.000000, 70.000000, 21.000000
1696452344456, 611.000000, 218.000000, 68.000000, 21.000000,234.000000, 69.000000, 21.000000
1696452344507, 632.000000, 92.000000, 69.000000, 20.000000,116.000000, 70.000000, 21.000000
1696452344559, 660.000000, 220.000000, 69.000000, 21.000000,235.000000, 69.000000, 21.000000
1696452344609, 667.000000, 219.000000, 69.000000, 21.000000,235.000000, 70.000000, 21.000000
1696452344656, 653.000000, 220.000000, 69.000000, 21.000000,236.000000, 69.000000, 21.000000
1696452344726, 669.000000, 220.000000, 69.000000, 21.000000,236.000000, 70.000000, 21.000000
1696452344777, 640.000000, 218.000000, 69.000000, 20.000000,234.000000, 68.000000, 21.000000
1696452344827, 572.000000, 93.000000, 68.000000, 21.000000,122.000000, 69.000000, 21.000000
1696452344876, 656.000000, 221.000000, 69.000000, 21.000000,237.000000, 70.000000, 21.000000
1696452344926, 666.000000, 219.000000, 68.000000, 20.000000,236.000000, 68.000000, 21.000000
1696452344979, 651.000000, 219.000000, 69.000000, 21.000000,236.000000, 69.000000, 21.000000
1696452345025, 495.000000, 220.000000, 69.000000, 21.000000,236.000000, 70.000000, 22.000000
1696452345076, 665.000000, 219.000000, 68.000000, 20.000000,233.000000, 68.000000, 21.000000
1696452345146, 634.000000, 93.000000, 69.000000, 21.000000,169.000000, 70.000000, 21.000000
1696452345199, 662.000000, 221.000000, 69.000000, 21.000000,237.000000, 69.000000, 21.000000
1696452345244, 641.000000, 92.000000, 69.000000, 21.000000,112.000000, 69.000000, 21.000000
1696452345294, 660.000000, 219.000000, 69.000000, 21.000000,236.000000, 68.000000, 21.000000
1696452345345, 493.000000, 94.000000, 69.000000, 21.000000,106.000000, 70.000000, 22.000000
1696452345397, 667.000000, 220.000000, 69.000000, 21.000000,236.000000, 69.000000, 21.000000
1696452345443, 649.000000, 227.000000, 69.000000, 21.000000,100.000000, 69.000000, 21.000000
1696452345494, 666.000000, 227.000000, 69.000000, 21.000000,234.000000, 69.000000, 21.000000
1696452345544, 588.000000, 227.000000, 69.000000, 20.000000,233.000000, 68.000000, 20.000000
1696452345589, 676.000000, 228.000000, 69.000000, 21.000000,236.000000, 69.000000, 21.000000
1696452345641, 663.000000, 229.000000, 69.000000, 21.000000,235.000000, 69.000000, 21.000000
1696452345690, 669.000000, 219.000000, 69.000000, 21.000000,235.000000, 69.000000, 21.000000
1696452345737, 660.000000, 219.000000, 69.000000, 21.000000,235.000000, 69.000000, 21.000000
1696452345783, 579.000000, 218.000000, 69.000000, 20.000000,230.000000, 69.000000, 21.000000
1696452345834, 667.000000, 219.000000, 69.000000, 21.000000,234.000000, 69.000000, 21.000000
1696452345884, 649.000000, 220.000000, 70.000000, 21.000000,235.000000, 69.000000, 21.000000
1696452345929, 669.000000, 220.000000, 70.000000, 21.000000,235.000000, 69.000000, 21.000000
1696452345979, 653.000000, 218.000000, 69.000000, 21.000000,234.000000, 69.000000, 21.000000
1696452346031, 521.000000, 217.000000, 69.000000, 20.000000,160.000000, 69.000000, 21.000000
1696452346077, 662.000000, 220.000000, 70.000000, 21.000000,235.000000, 69.000000, 21.000000
1696452346127, 581.000000, 92.000000, 69.000000, 21.000000,104.000000, 69.000000, 21.000000
1696452346197, 662.000000, 220.000000, 70.000000, 21.000000,241.000000, 70.000000, 22.000000
1696452346251, 671.000000, 221.000000, 69.000000, 20.000000,234.000000, 68.000000, 21.000000
1696452346301, 620.000000, 222.000000, 69.000000, 21.000000,236.000000, 70.000000, 21.000000
1696452346353, 660.000000, 97.000000, 70.000000, 21.000000,102.000000, 69.000000, 22.000000
1696452346403, 669.000000, 221.000000, 69.000000, 21.000000,236.000000, 69.000000, 21.000000
1696452346452, 669.000000, 222.000000, 68.000000, 21.000000,235.000000, 69.000000, 21.000000
1696452346502, 641.000000, 223.000000, 69.000000, 21.000000,236.000000, 69.000000, 22.000000
1696452346552, 539.000000, 93.000000, 69.000000, 21.000000,103.000000, 69.000000, 21.000000
1696452346602, 662.000000, 223.000000, 69.000000, 21.000000,238.000000, 69.000000, 22.000000
1696452346649, 673.000000, 227.000000, 69.000000, 22.000000,238.000000, 69.000000, 22.000000
1696452346699, 660.000000, 229.000000, 70.000000, 21.000000,237.000000, 70.000000, 22.000000
1696452346750, 495.000000, 227.000000, 69.000000, 20.000000,166.000000, 68.000000, 21.000000
1696452346808, 658.000000, 230.000000, 70.000000, 21.000000,236.000000, 69.000000, 22.000000
1696452346845, 658.000000, 230.000000, 70.000000, 21.000000,236.000000, 69.000000, 22.000000
1696452346894, 673.000000, 227.000000, 69.000000, 21.000000,233.000000, 68.000000, 21.000000
1696452346945, 618.000000, 221.000000, 70.000000, 21.000000,236.000000, 69.000000, 21.000000
1696452346996, 669.000000, 190.000000, 69.000000, 21.000000,224.000000, 69.000000, 21.000000
1696452347066, 570.000000, 220.000000, 69.000000, 21.000000,236.000000, 69.000000, 21.000000
1696452347118, 667.000000, 221.000000, 69.000000, 21.000000,236.000000, 69.000000, 21.000000
1696452347169, 642.000000, 92.000000, 69.000000, 21.000000,106.000000, 69.000000, 21.000000
1696452347238, 662.000000, 218.000000, 69.000000, 20.000000,236.000000, 69.000000, 21.000000
1696452347271, 633.000000, 216.000000, 69.000000, 21.000000,233.000000, 69.000000, 21.000000
1696452347318, 666.000000, 219.000000, 69.000000, 20.000000,236.000000, 68.000000, 21.000000
1696452347387, 514.000000, 217.000000, 70.000000, 21.000000,234.000000, 69.000000, 22.000000
1696452347438, 665.000000, 218.000000, 70.000000, 21.000000,236.000000, 69.000000, 21.000000
1696452347489, 554.000000, 91.000000, 69.000000, 21.000000,120.000000, 69.000000, 21.000000
1696452347539, 658.000000, 220.000000, 70.000000, 21.000000,239.000000, 69.000000, 21.000000
1696452347586, 618.000000, 220.000000, 69.000000, 21.000000,234.000000, 69.000000, 21.000000
1696452347656, 660.000000, 221.000000, 70.000000, 21.000000,237.000000, 69.000000, 21.000000
1696452347707, 459.000000, 218.000000, 69.000000, 20.000000,234.000000, 69.000000, 21.000000
1696452347759, 667.000000, 220.000000, 69.000000, 21.000000,237.000000, 69.000000, 21.000000
1696452347810, 605.000000, 93.000000, 69.000000, 21.000000,112.000000, 69.000000, 21.000000
1696452347859, 662.000000, 222.000000, 69.000000, 21.000000,236.000000, 69.000000, 21.000000
1696452347924, 625.000000, 222.000000, 70.000000, 21.000000,236.000000, 69.000000, 21.000000
1696452347957, 677.000000, 204.000000, 69.000000, 23.000000,216.000000, 70.000000, 22.000000
1696452348008, 660.000000, 228.000000, 69.000000, 21.000000,105.000000, 70.000000, 21.000000
1696452348059, 671.000000, 227.000000, 69.000000, 21.000000,238.000000, 70.000000, 21.000000
1696452348110, 572.000000, 228.000000, 69.000000, 21.000000,236.000000, 69.000000, 21.000000
1696452348168, 680.000000, 107.000000, 70.000000, 20.000000,195.000000, 70.000000, 21.000000
1696452348206, 667.000000, 229.000000, 69.000000, 21.000000,237.000000, 69.000000, 21.000000
1696452348252, 671.000000, 221.000000, 71.000000, 21.000000,237.000000, 70.000000, 21.000000
1696452348304, 644.000000, 220.000000, 69.000000, 21.000000,237.000000, 69.000000, 22.000000
1696452348350, 497.000000, 93.000000, 69.000000, 21.000000,102.000000, 69.000000, 21.000000
1696452348400, 665.000000, 220.000000, 71.000000, 21.000000,235.000000, 69.000000, 21.000000
1696452348449, 534.000000, 182.000000, 69.000000, 21.000000,153.000000, 69.000000, 22.000000
1696452348497, 665.000000, 219.000000, 70.000000, 20.000000,236.000000, 69.000000, 21.000000
1696452348547, 554.000000, 220.000000, 69.000000, 21.000000,233.000000, 69.000000, 21.000000
1696452348598, 667.000000, 220.000000, 69.000000, 21.000000,234.000000, 69.000000, 21.000000
1696452348644, 660.000000, 220.000000, 70.000000, 21.000000,236.000000, 70.000000, 21.000000
1696452348696, 665.000000, 220.000000, 69.000000, 21.000000,236.000000, 69.000000, 21.000000
1696452348766, 647.000000, 220.000000, 70.000000, 21.000000,237.000000, 70.000000, 21.000000
1696452348816, 667.000000, 219.000000, 70.000000, 20.000000,236.000000, 68.000000, 21.000000
1696452348868, 638.000000, 218.000000, 69.000000, 20.000000,236.000000, 69.000000, 21.000000
1696452348914, 589.000000, 94.000000, 70.000000, 21.000000,162.000000, 70.000000, 22.000000
1696452348965, 669.000000, 220.000000, 70.000000, 21.000000,236.000000, 69.000000, 21.000000
1696452349016, 664.000000, 220.000000, 69.000000, 21.000000,237.000000, 69.000000, 21.000000
1696452349067, 620.000000, 219.000000, 69.000000, 20.000000,238.000000, 69.000000, 21.000000
1696452349119, 669.000000, 220.000000, 70.000000, 21.000000,236.000000, 69.000000, 22.000000
1696452349164, 665.000000, 218.000000, 69.000000, 20.000000,236.000000, 69.000000, 21.000000
1696452349214, 675.000000, 227.000000, 70.000000, 21.000000,237.000000, 69.000000, 21.000000
1696452349265, 658.000000, 228.000000, 70.000000, 21.000000,237.000000, 69.000000, 21.000000
1696452349310, 570.000000, 225.000000, 69.000000, 22.000000,231.000000, 69.000000, 21.000000
1696452349375, 651.000000, 226.000000, 69.000000, 20.000000,234.000000, 69.000000, 21.000000
1696452349409, 651.000000, 226.000000, 69.000000, 20.000000,234.000000, 69.000000, 21.000000
1696452349478, 675.000000, 227.000000, 70.000000, 20.000000,236.000000, 69.000000, 21.000000
1696452349525, 638.000000, 219.000000, 70.000000, 21.000000,238.000000, 69.000000, 21.000000
1696452349557, 659.000000, 113.000000, 68.000000, 21.000000,128.000000, 69.000000, 21.000000
1696452349627, 647.000000, 220.000000, 70.000000, 21.000000,236.000000, 69.000000, 21.000000
1696452349696, 666.000000, 221.000000, 70.000000, 21.000000,237.000000, 70.000000, 21.000000
1696452349728, 666.000000, 221.000000, 70.000000, 21.000000,237.000000, 70.000000, 21.000000
1696452349779, 667.000000, 219.000000, 69.000000, 21.000000,235.000000, 70.000000, 21.000000
1696452349829, 618.000000, 219.000000, 70.000000, 21.000000,235.000000, 69.000000, 21.000000
1696452349879, 666.000000, 155.000000, 71.000000, 21.000000,125.000000, 70.000000, 21.000000
1696452349929, 658.000000, 220.000000, 69.000000, 21.000000,236.000000, 70.000000, 21.000000
1696452349979, 666.000000, 220.000000, 71.000000, 21.000000,237.000000, 69.000000, 21.000000
1696452350031, 585.000000, 219.000000, 68.000000, 21.000000,233.000000, 69.000000, 21.000000
1696452350080, 671.000000, 221.000000, 70.000000, 21.000000,237.000000, 70.000000, 21.000000
1696452350138, 477.000000, 93.000000, 70.000000, 21.000000,103.000000, 70.000000, 21.000000
1696452350179, 666.000000, 220.000000, 69.000000, 21.000000,234.000000, 69.000000, 21.000000
1696452350231, 647.000000, 218.000000, 70.000000, 21.000000,232.000000, 69.000000, 21.000000
1696452350279, 625.000000, 92.000000, 69.000000, 20.000000,133.000000, 69.000000, 22.000000
1696452350346, 629.000000, 219.000000, 70.000000, 21.000000,236.000000, 69.000000, 21.000000
1696452350397, 619.000000, 91.000000, 69.000000, 20.000000,101.000000, 69.000000, 21.000000
1696452350449, 664.000000, 218.000000, 69.000000, 20.000000,236.000000, 69.000000, 21.000000
1696452350499, 671.000000, 226.000000, 70.000000, 21.000000,237.000000, 70.000000, 21.000000
1696452350550, 645.000000, 227.000000, 70.000000, 21.000000,236.000000, 70.000000, 21.000000
1696452350600, 586.000000, 99.000000, 70.000000, 21.000000,100.000000, 69.000000, 21.000000
1696452350666, 644.000000, 229.000000, 70.000000, 21.000000,236.000000, 69.000000, 21.000000
1696452350715, 614.000000, 103.000000, 71.000000, 21.000000,100.000000, 70.000000, 22.000000
1696452350748, 658.000000, 227.000000, 70.000000, 21.000000,236.000000, 70.000000, 21.000000
1696452350793, 583.000000, 221.000000, 69.000000, 21.000000,236.000000, 69.000000, 21.000000
1696452350844, 667.000000, 220.000000, 70.000000, 21.000000,237.000000, 69.000000, 21.000000
1696452350894, 530.000000, 93.000000, 70.000000, 21.000000,108.000000, 70.000000, 21.000000
1696452350940, 670.000000, 220.000000, 70.000000, 21.000000,236.000000, 69.000000, 21.000000
1696452350987, 601.000000, 219.000000, 70.000000, 20.000000,235.000000, 69.000000, 21.000000
1696452351019, 667.000000, 222.000000, 70.000000, 21.000000,227.000000, 70.000000, 22.000000
1696452351066, 667.000000, 220.000000, 70.000000, 21.000000,238.000000, 69.000000, 21.000000
1696452351116, 532.000000, 219.000000, 70.000000, 21.000000,236.000000, 69.000000, 22.000000
1696452351186, 653.000000, 220.000000, 71.000000, 21.000000,235.000000, 69.000000, 21.000000
1696452351256, 669.000000, 221.000000, 70.000000, 21.000000,244.000000, 69.000000, 21.000000
1696452351308, 656.000000, 220.000000, 70.000000, 21.000000,235.000000, 69.000000, 21.000000
1696452351358, 484.000000, 95.000000, 70.000000, 21.000000,107.000000, 70.000000, 22.000000
1696452351427, 644.000000, 219.000000, 70.000000, 21.000000,235.000000, 69.000000, 21.000000
1696452351459, 587.000000, 93.000000, 70.000000, 21.000000,99.000000, 70.000000, 22.000000
1696452351509, 649.000000, 220.000000, 69.000000, 21.000000,236.000000, 69.000000, 21.000000
1696452351578, 669.000000, 221.000000, 70.000000, 21.000000,238.000000, 69.000000, 21.000000
1696452351627, 640.000000, 220.000000, 69.000000, 21.000000,236.000000, 69.000000, 21.000000
1696452351679, 506.000000, 219.000000, 70.000000, 21.000000,167.000000, 69.000000, 22.000000
1696452351729, 667.000000, 220.000000, 70.000000, 20.000000,236.000000, 69.000000, 21.000000
1696452351777, 676.000000, 225.000000, 70.000000, 21.000000,235.000000, 69.000000, 21.000000
1696452351829, 664.000000, 226.000000, 70.000000, 21.000000,236.000000, 69.000000, 22.000000
1696452351879, 475.000000, 101.000000, 69.000000, 21.000000,107.000000, 70.000000, 21.000000
1696452351947, 658.000000, 229.000000, 69.000000, 21.000000,237.000000, 69.000000, 21.000000
1696452351979, 578.000000, 102.000000, 69.000000, 21.000000,108.000000, 70.000000, 22.000000
1696452352030, 669.000000, 228.000000, 69.000000, 21.000000,237.000000, 69.000000, 21.000000
1696452352076, 589.000000, 222.000000, 69.000000, 21.000000,232.000000, 69.000000, 21.000000
1696452352147, 653.000000, 220.000000, 70.000000, 21.000000,239.000000, 70.000000, 21.000000
1696452352200, 482.000000, 92.000000, 69.000000, 21.000000,111.000000, 70.000000, 21.000000
1696452352232, 658.000000, 220.000000, 69.000000, 21.000000,236.000000, 69.000000, 21.000000
1696452352279, 506.000000, 92.000000, 69.000000, 20.000000,116.000000, 68.000000, 21.000000
1696452352329, 667.000000, 219.000000, 69.000000, 20.000000,236.000000, 69.000000, 21.000000
1696452352397, 565.000000, 94.000000, 70.000000, 21.000000,107.000000, 70.000000, 22.000000
1696452352429, 675.000000, 221.000000, 70.000000, 21.000000,239.000000, 70.000000, 22.000000
1696452352479, 470.000000, 200.000000, 70.000000, 22.000000,192.000000, 71.000000, 22.000000
1696452352529, 667.000000, 220.000000, 69.000000, 20.000000,234.000000, 69.000000, 21.000000
1696452352576, 647.000000, 218.000000, 69.000000, 20.000000,231.000000, 69.000000, 21.000000
1696452352626, 666.000000, 220.000000, 70.000000, 21.000000,234.000000, 69.000000, 21.000000
1696452352674, 640.000000, 218.000000, 69.000000, 21.000000,235.000000, 69.000000, 21.000000
1696452352724, 541.000000, 93.000000, 69.000000, 21.000000,98.000000, 69.000000, 21.000000
1696452352788, 634.000000, 219.000000, 69.000000, 21.000000,235.000000, 70.000000, 21.000000
1696452352821, 669.000000, 146.000000, 69.000000, 21.000000,161.000000, 70.000000, 22.000000
1696452352886, 658.000000, 220.000000, 69.000000, 21.000000,237.000000, 69.000000, 21.000000
1696452352919, 492.000000, 219.000000, 69.000000, 21.000000,235.000000, 69.000000, 21.000000
1696452352972, 667.000000, 221.000000, 69.000000, 21.000000,237.000000, 69.000000, 21.000000
1696452353019, 557.000000, 91.000000, 68.000000, 20.000000,105.000000, 69.000000, 21.000000
1696452353086, 673.000000, 228.000000, 69.000000, 21.000000,237.000000, 69.000000, 21.000000
1696452353136, 647.000000, 227.000000, 69.000000, 21.000000,237.000000, 69.000000, 21.000000
1696452353204, 673.000000, 228.000000, 70.000000, 21.000000,237.000000, 69.000000, 21.000000
1696452353238, 596.000000, 230.000000, 70.000000, 21.000000,237.000000, 70.000000, 21.000000
1696452353307, 671.000000, 227.000000, 69.000000, 21.000000,234.000000, 69.000000, 21.000000
1696452353359, 574.000000, 223.000000, 70.000000, 21.000000,236.000000, 70.000000, 22.000000
1696452353409, 667.000000, 220.000000, 69.000000, 21.000000,232.000000, 69.000000, 21.000000
1696452353459, 627.000000, 94.000000, 70.000000, 21.000000,133.000000, 70.000000, 21.000000
1696452353509, 662.000000, 219.000000, 69.000000, 21.000000,234.000000, 69.000000, 21.000000
1696452353559, 598.000000, 220.000000, 70.000000, 21.000000,235.000000, 70.000000, 21.000000
1696452353607, 667.000000, 91.000000, 69.000000, 20.000000,169.000000, 69.000000, 20.000000
1696452353652, 658.000000, 221.000000, 70.000000, 21.000000,235.000000, 69.000000, 21.000000
1696452353716, 656.000000, 219.000000, 69.000000, 21.000000,237.000000, 69.000000, 21.000000
1696452353761, 466.000000, 218.000000, 69.000000, 21.000000,232.000000, 69.000000, 21.000000
1696452353810, 667.000000, 220.000000, 70.000000, 21.000000,240.000000, 70.000000, 21.000000
1696452353860, 536.000000, 93.000000, 70.000000, 21.000000,112.000000, 70.000000, 21.000000
1696452353907, 667.000000, 219.000000, 69.000000, 21.000000,234.000000, 69.000000, 21.000000
1696452353959, 596.000000, 220.000000, 69.000000, 21.000000,235.000000, 69.000000, 21.000000
1696452354005, 609.000000, 92.000000, 69.000000, 21.000000,167.000000, 69.000000, 21.000000
1696452354054, 663.000000, 220.000000, 69.000000, 21.000000,235.000000, 69.000000, 21.000000
1696452354104, 664.000000, 219.000000, 68.000000, 21.000000,234.000000, 69.000000, 21.000000
1696452354173, 653.000000, 221.000000, 69.000000, 21.000000,236.000000, 70.000000, 22.000000
1696452354226, 664.000000, 220.000000, 69.000000, 21.000000,235.000000, 69.000000, 21.000000
1696452354277, 647.000000, 218.000000, 69.000000, 21.000000,234.000000, 70.000000, 21.000000
1696452354347, 669.000000, 226.000000, 69.000000, 21.000000,234.000000, 69.000000, 21.000000
1696452354397, 588.000000, 225.000000, 69.000000, 20.000000,233.000000, 69.000000, 21.000000
1696452354448, 614.000000, 102.000000, 69.000000, 21.000000,105.000000, 70.000000, 22.000000
1696452354499, 661.000000, 228.000000, 69.000000, 21.000000,235.000000, 69.000000, 21.000000
1696452354566, 675.000000, 232.000000, 69.000000, 21.000000,235.000000, 70.000000, 21.000000
1696452354616, 660.000000, 228.000000, 68.000000, 21.000000,234.000000, 68.000000, 21.000000
1696452354648, 504.000000, 92.000000, 69.000000, 21.000000,101.000000, 69.000000, 21.000000
1696452354699, 655.000000, 220.000000, 70.000000, 21.000000,233.000000, 70.000000, 22.000000
1696452354751, 662.000000, 220.000000, 69.000000, 21.000000,236.000000, 69.000000, 21.000000
1696452354800, 600.000000, 218.000000, 69.000000, 21.000000,234.000000, 69.000000, 21.000000
1696452354847, 623.000000, 94.000000, 70.000000, 21.000000,168.000000, 70.000000, 21.000000
1696452354918, 631.000000, 219.000000, 69.000000, 21.000000,233.000000, 70.000000, 21.000000
1696452354969, 667.000000, 220.000000, 70.000000, 21.000000,233.000000, 70.000000, 21.000000
1696452355019, 665.000000, 220.000000, 69.000000, 21.000000,236.000000, 69.000000, 21.000000
1696452355069, 664.000000, 220.000000, 70.000000, 21.000000,237.000000, 69.000000, 21.000000
1696452355119, 636.000000, 219.000000, 69.000000, 21.000000,236.000000, 68.000000, 21.000000
1696452355164, 537.000000, 94.000000, 69.000000, 21.000000,100.000000, 70.000000, 22.000000
1696452355196, 660.000000, 219.000000, 69.000000, 20.000000,234.000000, 68.000000, 21.000000
1696452355242, 530.000000, 219.000000, 70.000000, 21.000000,231.000000, 70.000000, 22.000000
1696452355307, 663.000000, 220.000000, 70.000000, 21.000000,237.000000, 69.000000, 21.000000
1696452355361, 510.000000, 219.000000, 69.000000, 20.000000,233.000000, 69.000000, 21.000000
1696452355412, 666.000000, 220.000000, 68.000000, 21.000000,235.000000, 69.000000, 21.000000
1696452355457, 624.000000, 219.000000, 70.000000, 21.000000,234.000000, 69.000000, 21.000000
1696452355489, 665.000000, 103.000000, 68.000000, 20.000000,134.000000, 69.000000, 20.000000
1696452355540, 660.000000, 219.000000, 69.000000, 20.000000,234.000000, 69.000000, 21.000000
1696452355589, 669.000000, 218.000000, 69.000000, 20.000000,234.000000, 69.000000, 21.000000
1696452355639, 647.000000, 228.000000, 70.000000, 21.000000,236.000000, 69.000000, 21.000000
1696452355687, 497.000000, 100.000000, 70.000000, 21.000000,98.000000, 70.000000, 21.000000
1696452355732, 677.000000, 228.000000, 69.000000, 21.000000,237.000000, 69.000000, 21.000000
1696452355780, 655.000000, 227.000000, 70.000000, 21.000000,237.000000, 69.000000, 21.000000
1696452355838, 677.000000, 228.000000, 69.000000, 21.000000,238.000000, 69.000000, 21.000000
1696452355875, 667.000000, 228.000000, 69.000000, 21.000000,234.000000, 68.000000, 21.000000
1696452355928, 479.000000, 93.000000, 69.000000, 21.000000,112.000000, 69.000000, 21.000000
1696452355975, 667.000000, 221.000000, 70.000000, 21.000000,238.000000, 69.000000, 21.000000
1696452356026, 660.000000, 94.000000, 70.000000, 21.000000,107.000000, 70.000000, 21.000000
1696452356074, 662.000000, 219.000000, 69.000000, 21.000000,237.000000, 69.000000, 21.000000
1696452356122, 630.000000, 219.000000, 69.000000, 21.000000,237.000000, 69.000000, 21.000000
1696452356174, 667.000000, 221.000000, 70.000000, 21.000000,238.000000, 70.000000, 21.000000
1696452356221, 649.000000, 220.000000, 70.000000, 21.000000,237.000000, 69.000000, 21.000000
1696452356273, 667.000000, 219.000000, 69.000000, 20.000000,235.000000, 69.000000, 21.000000
1696452356318, 654.000000, 219.000000, 69.000000, 20.000000,235.000000, 68.000000, 21.000000
1696452356386, 666.000000, 218.000000, 69.000000, 21.000000,236.000000, 69.000000, 21.000000
1696452356418, 666.000000, 218.000000, 69.000000, 21.000000,236.000000, 69.000000, 21.000000
1696452356469, 669.000000, 218.000000, 69.000000, 20.000000,237.000000, 69.000000, 21.000000
1696452356516, 664.000000, 219.000000, 69.000000, 21.000000,236.000000, 70.000000, 21.000000
1696452356586, 669.000000, 216.000000, 70.000000, 21.000000,233.000000, 69.000000, 22.000000
1696452356648, 665.000000, 219.000000, 69.000000, 20.000000,237.000000, 70.000000, 21.000000
1696452356685, 552.000000, 223.000000, 70.000000, 21.000000,242.000000, 70.000000, 22.000000
1696452356756, 660.000000, 220.000000, 68.000000, 21.000000,236.000000, 70.000000, 21.000000
1696452356807, 475.000000, 93.000000, 70.000000, 21.000000,107.000000, 70.000000, 22.000000
1696452356860, 671.000000, 220.000000, 69.000000, 21.000000,237.000000, 69.000000, 21.000000
1696452356905, 550.000000, 100.000000, 69.000000, 21.000000,107.000000, 70.000000, 21.000000
1696452356967, 673.000000, 228.000000, 70.000000, 21.000000,237.000000, 70.000000, 21.000000
1696452357002, 641.000000, 227.000000, 69.000000, 21.000000,238.000000, 69.000000, 21.000000
1696452357052, 628.000000, 101.000000, 69.000000, 21.000000,101.000000, 69.000000, 21.000000
1696452357099, 675.000000, 227.000000, 70.000000, 21.000000,235.000000, 69.000000, 21.000000
1696452357147, 675.000000, 228.000000, 69.000000, 21.000000,236.000000, 69.000000, 22.000000
1696452357179, 675.000000, 228.000000, 69.000000, 21.000000,236.000000, 69.000000, 22.000000
1696452357238, 545.000000, 100.000000, 70.000000, 21.000000,108.000000, 70.000000, 22.000000
1696452357275, 664.000000, 225.000000, 69.000000, 21.000000,232.000000, 69.000000, 22.000000
1696452357325, 583.000000, 220.000000, 70.000000, 21.000000,235.000000, 69.000000, 21.000000
1696452357375, 669.000000, 221.000000, 69.000000, 21.000000,237.000000, 69.000000, 21.000000
1696452357427, 534.000000, 92.000000, 69.000000, 21.000000,106.000000, 69.000000, 21.000000
1696452357474, 666.000000, 220.000000, 70.000000, 21.000000,238.000000, 70.000000, 21.000000
1696452357524, 605.000000, 221.000000, 70.000000, 21.000000,238.000000, 70.000000, 21.000000
1696452357575, 671.000000, 200.000000, 70.000000, 21.000000,237.000000, 69.000000, 21.000000
1696452357622, 660.000000, 219.000000, 69.000000, 20.000000,235.000000, 69.000000, 21.000000
1696452357673, 667.000000, 220.000000, 69.000000, 21.000000,236.000000, 69.000000, 21.000000
1696452357720, 658.000000, 220.000000, 69.000000, 21.000000,236.000000, 69.000000, 21.000000
1696452357771, 488.000000, 221.000000, 69.000000, 21.000000,174.000000, 69.000000, 21.000000
1696452357819, 666.000000, 219.000000, 69.000000, 20.000000,235.000000, 68.000000, 21.000000
1696452357883, 497.000000, 93.000000, 70.000000, 21.000000,107.000000, 69.000000, 21.000000
1696452357936, 669.000000, 219.000000, 69.000000, 21.000000,237.000000, 70.000000, 21.000000
1696452357987, 581.000000, 93.000000, 70.000000, 21.000000,107.000000, 70.000000, 21.000000
1696452358057, 664.000000, 220.000000, 70.000000, 21.000000,242.000000, 70.000000, 22.000000
1696452358108, 596.000000, 94.000000, 70.000000, 21.000000,108.000000, 70.000000, 22.000000
1696452358178, 664.000000, 220.000000, 70.000000, 21.000000,237.000000, 70.000000, 21.000000
1696452358229, 678.000000, 145.000000, 70.000000, 21.000000,164.000000, 70.000000, 22.000000
1696452358279, 669.000000, 227.000000, 70.000000, 21.000000,235.000000, 70.000000, 21.000000
1696452358346, 538.000000, 226.000000, 68.000000, 22.000000,191.000000, 69.000000, 22.000000
1696452358381, 673.000000, 229.000000, 69.000000, 21.000000,231.000000, 68.000000, 21.000000
1696452358428, 545.000000, 101.000000, 70.000000, 21.000000,104.000000, 70.000000, 22.000000
1696452358479, 665.000000, 220.000000, 69.000000, 20.000000,235.000000, 69.000000, 21.000000
1696452358526, 623.000000, 219.000000, 70.000000, 21.000000,235.000000, 70.000000, 21.000000
1696452358596, 669.000000, 220.000000, 69.000000, 21.000000,235.000000, 70.000000, 21.000000
1696452358646, 512.000000, 219.000000, 70.000000, 21.000000,236.000000, 70.000000, 21.000000
1696452358697, 671.000000, 219.000000, 69.000000, 20.000000,236.000000, 69.000000, 21.000000
1696452358766, 516.000000, 220.000000, 70.000000, 21.000000,236.000000, 70.000000, 21.000000
1696452358800, 667.000000, 220.000000, 70.000000, 21.000000,237.000000, 69.000000, 21.000000
1696452358845, 638.000000, 220.000000, 69.000000, 21.000000,237.000000, 70.000000, 21.000000
1696452358896, 669.000000, 219.000000, 69.000000, 21.000000,237.000000, 69.000000, 21.000000
1696452358967, 567.000000, 220.000000, 69.000000, 21.000000,236.000000, 70.000000, 21.000000
1696452359017, 666.000000, 220.000000, 69.000000, 21.000000,238.000000, 70.000000, 21.000000
1696452359067, 640.000000, 219.000000, 70.000000, 21.000000,237.000000, 69.000000, 21.000000
1696452359098, 585.000000, 93.000000, 69.000000, 21.000000,97.000000, 70.000000, 21.000000
1696452359149, 645.000000, 218.000000, 69.000000, 21.000000,108.000000, 70.000000, 22.000000
1696452359199, 664.000000, 219.000000, 69.000000, 21.000000,240.000000, 70.000000, 21.000000
1696452359266, 602.000000, 220.000000, 69.000000, 21.000000,236.000000, 71.000000, 21.000000
1696452359318, 664.000000, 219.000000, 68.000000, 20.000000,234.000000, 69.000000, 21.000000
1696452359370, 554.000000, 220.000000, 70.000000, 21.000000,236.000000, 71.000000, 22.000000
1696452359417, 610.000000, 92.000000, 69.000000, 21.000000,169.000000, 69.000000, 21.000000
1696452359463, 664.000000, 220.000000, 69.000000, 21.000000,237.000000, 70.000000, 21.000000
1696452359507, 607.000000, 227.000000, 68.000000, 21.000000,236.000000, 70.000000, 21.000000
1696452359539, 675.000000, 230.000000, 69.000000, 21.000000,236.000000, 70.000000, 21.000000
1696452359591, 541.000000, 100.000000, 69.000000, 21.000000,117.000000, 70.000000, 21.000000
1696452359648, 677.000000, 227.000000, 70.000000, 21.000000,237.000000, 69.000000, 21.000000
1696452359686, 653.000000, 228.000000, 69.000000, 21.000000,237.000000, 70.000000, 21.000000
1696452359732, 596.000000, 100.000000, 69.000000, 21.000000,99.000000, 70.000000, 21.000000
1696452359781, 667.000000, 220.000000, 69.000000, 21.000000,237.000000, 69.000000, 21.000000
1696452359829, 651.000000, 220.000000, 69.000000, 21.000000,236.000000, 69.000000, 21.000000
1696452359888, 664.000000, 220.000000, 69.000000, 21.000000,237.000000, 69.000000, 21.000000
1696452359928, 629.000000, 219.000000, 70.000000, 21.000000,237.000000, 70.000000, 21.000000
1696452359979, 634.000000, 93.000000, 70.000000, 21.000000,151.000000, 70.000000, 21.000000
1696452360026, 658.000000, 220.000000, 70.000000, 21.000000,235.000000, 69.000000, 21.000000
1696452360077, 665.000000, 220.000000, 69.000000, 21.000000,234.000000, 70.000000, 21.000000
1696452360127, 656.000000, 219.000000, 69.000000, 21.000000,235.000000, 69.000000, 21.000000
1696452360174, 497.000000, 95.000000, 69.000000, 22.000000,124.000000, 71.000000, 22.000000
1696452360224, 666.000000, 220.000000, 70.000000, 21.000000,235.000000, 70.000000, 21.000000
1696452360271, 525.000000, 94.000000, 70.000000, 21.000000,104.000000, 70.000000, 21.000000
1696452360322, 667.000000, 219.000000, 69.000000, 21.000000,234.000000, 70.000000, 21.000000
1696452360369, 642.000000, 219.000000, 70.000000, 21.000000,241.000000, 69.000000, 21.000000
1696452360419, 669.000000, 179.000000, 70.000000, 21.000000,173.000000, 70.000000, 21.000000
1696452360470, 660.000000, 221.000000, 70.000000, 21.000000,235.000000, 70.000000, 21.000000
1696452360518, 669.000000, 220.000000, 69.000000, 21.000000,233.000000, 69.000000, 21.000000
1696452360566, 660.000000, 220.000000, 69.000000, 21.000000,236.000000, 70.000000, 21.000000
1696452360617, 519.000000, 92.000000, 70.000000, 21.000000,109.000000, 70.000000, 22.000000
1696452360686, 649.000000, 220.000000, 69.000000, 21.000000,237.000000, 70.000000, 21.000000
1696452360739, 568.000000, 91.000000, 69.000000, 21.000000,109.000000, 69.000000, 21.000000
1696452360798, 645.000000, 229.000000, 69.000000, 21.000000,246.000000, 71.000000, 21.000000
1696452360835, 676.000000, 110.000000, 69.000000, 21.000000,125.000000, 69.000000, 21.000000
1696452360887, 667.000000, 228.000000, 70.000000, 21.000000,237.000000, 69.000000, 21.000000
1696452360933, 556.000000, 228.000000, 69.000000, 21.000000,232.000000, 71.000000, 21.000000
1696452360982, 680.000000, 229.000000, 69.000000, 21.000000,235.000000, 69.000000, 21.000000
1696452361032, 664.000000, 228.000000, 70.000000, 21.000000,236.000000, 70.000000, 21.000000
1696452361079, 669.000000, 220.000000, 70.000000, 21.000000,237.000000, 70.000000, 21.000000
1696452361130, 647.000000, 218.000000, 70.000000, 21.000000,235.000000, 69.000000, 21.000000
1696452361179, 514.000000, 95.000000, 70.000000, 21.000000,102.000000, 71.000000, 22.000000
1696452361248, 634.000000, 220.000000, 70.000000, 21.000000,237.000000, 69.000000, 21.000000
1696452361299, 600.000000, 94.000000, 71.000000, 21.000000,106.000000, 71.000000, 21.000000
1696452361349, 663.000000, 219.000000, 69.000000, 20.000000,236.000000, 69.000000, 21.000000
1696452361399, 669.000000, 220.000000, 70.000000, 20.000000,237.000000, 69.000000, 21.000000
1696452361449, 651.000000, 219.000000, 69.000000, 21.000000,240.000000, 69.000000, 21.000000
1696452361499, 546.000000, 92.000000, 69.000000, 21.000000,112.000000, 69.000000, 21.000000
1696452361550, 665.000000, 218.000000, 70.000000, 20.000000,239.000000, 69.000000, 21.000000
1696452361601, 667.000000, 220.000000, 70.000000, 21.000000,237.000000, 69.000000, 21.000000
1696452361666, 640.000000, 226.000000, 70.000000, 21.000000,236.000000, 70.000000, 21.000000
1696452361698, 484.000000, 91.000000, 69.000000, 21.000000,100.000000, 69.000000, 21.000000
1696452361767, 649.000000, 220.000000, 71.000000, 21.000000,237.000000, 70.000000, 21.000000
1696452361799, 552.000000, 91.000000, 68.000000, 20.000000,97.000000, 69.000000, 22.000000
1696452361844, 665.000000, 220.000000, 70.000000, 21.000000,236.000000, 70.000000, 21.000000
1696452361897, 468.000000, 220.000000, 71.000000, 21.000000,235.000000, 70.000000, 21.000000
1696452361942, 669.000000, 220.000000, 69.000000, 21.000000,237.000000, 69.000000, 21.000000
1696452362008, 486.000000, 94.000000, 70.000000, 21.000000,104.000000, 71.000000, 21.000000
1696452362043, 671.000000, 226.000000, 69.000000, 21.000000,231.000000, 70.000000, 22.000000
1696452362093, 627.000000, 228.000000, 69.000000, 21.000000,236.000000, 70.000000, 21.000000
1696452362139, 676.000000, 191.000000, 70.000000, 21.000000,222.000000, 71.000000, 22.000000
1696452362189, 673.000000, 228.000000, 70.000000, 22.000000,238.000000, 70.000000, 21.000000
1696452362239, 675.000000, 229.000000, 70.000000, 21.000000,234.000000, 70.000000, 21.000000
1696452362303, 669.000000, 229.000000, 70.000000, 21.000000,236.000000, 69.000000, 21.000000
1696452362337, 516.000000, 221.000000, 70.000000, 21.000000,237.000000, 71.000000, 21.000000
1696452362407, 659.000000, 219.000000, 70.000000, 21.000000,236.000000, 69.000000, 21.000000
1696452362458, 504.000000, 93.000000, 69.000000, 21.000000,107.000000, 71.000000, 21.000000
1696452362509, 670.000000, 220.000000, 69.000000, 21.000000,235.000000, 69.000000, 21.000000
1696452362557, 596.000000, 94.000000, 70.000000, 21.000000,108.000000, 71.000000, 22.000000
1696452362627, 665.000000, 220.000000, 70.000000, 21.000000,236.000000, 70.000000, 21.000000
1696452362679, 603.000000, 92.000000, 69.000000, 21.000000,127.000000, 70.000000, 21.000000
1696452362729, 658.000000, 220.000000, 70.000000, 21.000000,236.000000, 70.000000, 21.000000
1696452362796, 669.000000, 220.000000, 70.000000, 21.000000,234.000000, 70.000000, 21.000000
1696452362829, 669.000000, 220.000000, 70.000000, 21.000000,234.000000, 70.000000, 21.000000
1696452362879, 661.000000, 94.000000, 69.000000, 21.000000,109.000000, 70.000000, 21.000000
1696452362946, 660.000000, 219.000000, 69.000000, 21.000000,236.000000, 70.000000, 21.000000
1696452362978, 572.000000, 220.000000, 69.000000, 21.000000,236.000000, 70.000000, 21.000000
1696452363030, 669.000000, 221.000000, 69.000000, 21.000000,237.000000, 70.000000, 21.000000
1696452363077, 532.000000, 93.000000, 70.000000, 21.000000,105.000000, 70.000000, 21.000000
1696452363158, 613.000000, 220.000000, 70.000000, 21.000000,239.000000, 69.000000, 21.000000
1696452363200, 671.000000, 221.000000, 70.000000, 21.000000,235.000000, 70.000000, 22.000000
1696452363250, 653.000000, 219.000000, 69.000000, 21.000000,235.000000, 69.000000, 21.000000
1696452363301, 490.000000, 92.000000, 70.000000, 21.000000,95.000000, 71.000000, 22.000000
1696452363351, 673.000000, 226.000000, 70.000000, 21.000000,236.000000, 70.000000, 21.000000
1696452363401, 656.000000, 101.000000, 70.000000, 21.000000,168.000000, 71.000000, 22.000000
1696452363449, 673.000000, 229.000000, 70.000000, 21.000000,237.000000, 70.000000, 21.000000
1696452363496, 609.000000, 226.000000, 69.000000, 22.000000,233.000000, 69.000000, 22.000000
1696452363548, 677.000000, 229.000000, 70.000000, 21.000000,238.000000, 70.000000, 21.000000
1696452363594, 655.000000, 230.000000, 70.000000, 21.000000,236.000000, 70.000000, 21.000000
1696452363644, 666.000000, 220.000000, 70.000000, 21.000000,236.000000, 70.000000, 21.000000
1696452363690, 660.000000, 220.000000, 70.000000, 21.000000,238.000000, 69.000000, 21.000000
1696452363740, 499.000000, 91.000000, 69.000000, 20.000000,107.000000, 69.000000, 21.000000
1696452363790, 664.000000, 219.000000, 70.000000, 21.000000,237.000000, 70.000000, 21.000000
1696452363840, 669.000000, 219.000000, 69.000000, 20.000000,235.000000, 69.000000, 21.000000
1696452363890, 658.000000, 220.000000, 70.000000, 21.000000,238.000000, 70.000000, 21.000000
1696452363956, 525.000000, 220.000000, 69.000000, 21.000000,167.000000, 70.000000, 22.000000
1696452363988, 666.000000, 219.000000, 69.000000, 20.000000,233.000000, 69.000000, 21.000000
1696452364040, 587.000000, 94.000000, 70.000000, 21.000000,117.000000, 70.000000, 21.000000
1696452364087, 667.000000, 220.000000, 69.000000, 21.000000,237.000000, 69.000000, 21.000000
1696452364139, 585.000000, 219.000000, 69.000000, 20.000000,236.000000, 69.000000, 21.000000
1696452364207, 665.000000, 219.000000, 69.000000, 21.000000,236.000000, 69.000000, 21.000000
1696452364258, 587.000000, 220.000000, 69.000000, 21.000000,235.000000, 69.000000, 21.000000
1696452364309, 664.000000, 221.000000, 69.000000, 21.000000,236.000000, 70.000000, 21.000000
1696452364359, 552.000000, 93.000000, 70.000000, 21.000000,106.000000, 70.000000, 21.000000
1696452364410, 662.000000, 221.000000, 69.000000, 21.000000,235.000000, 69.000000, 21.000000
1696452364456, 642.000000, 219.000000, 69.000000, 20.000000,236.000000, 69.000000, 21.000000
1696452364509, 605.000000, 94.000000, 70.000000, 21.000000,101.000000, 70.000000, 21.000000
1696452364576, 541.000000, 220.000000, 70.000000, 21.000000,237.000000, 70.000000, 21.000000
1696452364609, 673.000000, 227.000000, 69.000000, 21.000000,236.000000, 69.000000, 21.000000
1696452364676, 619.000000, 229.000000, 69.000000, 21.000000,237.000000, 69.000000, 21.000000
1696452364727, 669.000000, 230.000000, 71.000000, 21.000000,237.000000, 70.000000, 21.000000
1696452364776, 530.000000, 229.000000, 69.000000, 21.000000,236.000000, 69.000000, 21.000000
1696452364810, 675.000000, 228.000000, 70.000000, 21.000000,237.000000, 69.000000, 21.000000
1696452364857, 636.000000, 227.000000, 70.000000, 22.000000,234.000000, 70.000000, 22.000000
1696452364927, 665.000000, 221.000000, 70.000000, 21.000000,236.000000, 70.000000, 21.000000
1696452364959, 665.000000, 221.000000, 70.000000, 21.000000,236.000000, 70.000000, 21.000000
1696452365009, 667.000000, 218.000000, 69.000000, 20.000000,234.000000, 69.000000, 21.000000
1696452365057, 649.000000, 219.000000, 70.000000, 21.000000,234.000000, 69.000000, 21.000000
1696452365127, 665.000000, 220.000000, 69.000000, 21.000000,235.000000, 70.000000, 21.000000
1696452365176, 559.000000, 219.000000, 70.000000, 20.000000,233.000000, 69.000000, 21.000000
1696452365208, 665.000000, 219.000000, 69.000000, 21.000000,234.000000, 70.000000, 21.000000
1696452365256, 651.000000, 220.000000, 69.000000, 20.000000,235.000000, 69.000000, 21.000000
1696452365307, 546.000000, 93.000000, 70.000000, 21.000000,106.000000, 70.000000, 22.000000
1696452365353, 662.000000, 220.000000, 69.000000, 21.000000,233.000000, 70.000000, 21.000000
1696452365404, 667.000000, 218.000000, 69.000000, 21.000000,232.000000, 69.000000, 21.000000
1696452365454, 651.000000, 220.000000, 70.000000, 21.000000,236.000000, 70.000000, 21.000000
1696452365504, 492.000000, 221.000000, 70.000000, 21.000000,165.000000, 70.000000, 22.000000
1696452365556, 664.000000, 220.000000, 69.000000, 21.000000,237.000000, 69.000000, 21.000000
1696452365627, 673.000000, 219.000000, 69.000000, 21.000000,242.000000, 69.000000, 21.000000
1696452365697, 627.000000, 220.000000, 70.000000, 21.000000,237.000000, 70.000000, 21.000000
1696452365749, 667.000000, 131.000000, 69.000000, 21.000000,151.000000, 69.000000, 21.000000
1696452365799, 655.000000, 220.000000, 70.000000, 21.000000,238.000000, 70.000000, 22.000000
1696452365846, 666.000000, 219.000000, 69.000000, 21.000000,237.000000, 69.000000, 21.000000
1696452365918, 665.000000, 229.000000, 69.000000, 21.000000,237.000000, 70.000000, 21.000000
1696452365970, 675.000000, 228.000000, 69.000000, 21.000000,237.000000, 69.000000, 21.000000
1696452366032, 603.000000, 227.000000, 69.000000, 21.000000,234.000000, 69.000000, 21.000000
1696452366071, 675.000000, 206.000000, 69.000000, 21.000000,216.000000, 70.000000, 21.000000
1696452366118, 671.000000, 226.000000, 68.000000, 20.000000,236.000000, 69.000000, 21.000000
1696452366188, 669.000000, 220.000000, 69.000000, 21.000000,236.000000, 69.000000, 21.000000
1696452366239, 662.000000, 218.000000, 69.000000, 21.000000,237.000000, 69.000000, 21.000000
1696452366289, 664.000000, 220.000000, 70.000000, 21.000000,235.000000, 70.000000, 21.000000
1696452366339, 629.000000, 221.000000, 69.000000, 21.000000,235.000000, 70.000000, 21.000000
1696452366389, 663.000000, 95.000000, 70.000000, 21.000000,100.000000, 70.000000, 21.000000
1696452366439, 665.000000, 219.000000, 69.000000, 20.000000,231.000000, 68.000000, 21.000000
1696452366486, 669.000000, 211.000000, 69.000000, 20.000000,224.000000, 69.000000, 22.000000
1696452366558, 660.000000, 218.000000, 68.000000, 21.000000,234.000000, 69.000000, 21.000000
1696452366609, 671.000000, 219.000000, 69.000000, 21.000000,236.000000, 69.000000, 21.000000
1696452366659, 644.000000, 221.000000, 69.000000, 21.000000,237.000000, 69.000000, 21.000000
1696452366709, 525.000000, 94.000000, 70.000000, 21.000000,130.000000, 70.000000, 21.000000
1696452366758, 669.000000, 220.000000, 69.000000, 21.000000,237.000000, 69.000000, 21.000000
1696452366828, 663.000000, 96.000000, 70.000000, 21.000000,171.000000, 70.000000, 22.000000
1696452366879, 662.000000, 219.000000, 69.000000, 21.000000,237.000000, 70.000000, 21.000000
1696452366929, 671.000000, 221.000000, 70.000000, 21.000000,237.000000, 69.000000, 21.000000
1696452366981, 645.000000, 219.000000, 69.000000, 21.000000,234.000000, 69.000000, 21.000000
1696452367031, 671.000000, 221.000000, 70.000000, 21.000000,237.000000, 69.000000, 21.000000
1696452367081, 667.000000, 220.000000, 69.000000, 21.000000,236.000000, 70.000000, 21.000000
1696452367131, 669.000000, 222.000000, 70.000000, 21.000000,237.000000, 69.000000, 21.000000
1696452367180, 647.000000, 228.000000, 69.000000, 21.000000,236.000000, 70.000000, 21.000000
1696452367238, 530.000000, 101.000000, 70.000000, 21.000000,100.000000, 70.000000, 21.000000
1696452367278, 675.000000, 227.000000, 70.000000, 21.000000,235.000000, 69.000000, 21.000000
1696452367328, 674.000000, 157.000000, 70.000000, 21.000000,202.000000, 70.000000, 22.000000
1696452367388, 671.000000, 227.000000, 69.000000, 21.000000,235.000000, 68.000000, 21.000000
1696452367423, 620.000000, 226.000000, 70.000000, 22.000000,236.000000, 70.000000, 21.000000
1696452367473, 666.000000, 219.000000, 70.000000, 21.000000,236.000000, 70.000000, 22.000000
1696452367525, 504.000000, 215.000000, 69.000000, 21.000000,167.000000, 69.000000, 21.000000
1696452367571, 669.000000, 219.000000, 69.000000, 21.000000,237.000000, 70.000000, 21.000000
1696452367637, 649.000000, 220.000000, 69.000000, 21.000000,237.000000, 70.000000, 21.000000
1696452367669, 475.000000, 218.000000, 69.000000, 22.000000,177.000000, 69.000000, 21.000000
1696452367716, 666.000000, 219.000000, 69.000000, 21.000000,236.000000, 69.000000, 21.000000
1696452367768, 596.000000, 95.000000, 70.000000, 21.000000,120.000000, 70.000000, 22.000000
1696452367816, 664.000000, 219.000000, 70.000000, 21.000000,236.000000, 70.000000, 21.000000
1696452367866, 583.000000, 220.000000, 69.000000, 21.000000,234.000000, 69.000000, 22.000000
1696452367935, 662.000000, 223.000000, 70.000000, 21.000000,240.000000, 71.000000, 22.000000
1696452367987, 459.000000, 115.000000, 68.000000, 20.000000,129.000000, 68.000000, 21.000000
1696452368033, 669.000000, 222.000000, 70.000000, 21.000000,236.000000, 70.000000, 21.000000
1696452368081, 655.000000, 220.000000, 70.000000, 21.000000,236.000000, 70.000000, 21.000000
1696452368130, 669.000000, 221.000000, 69.000000, 21.000000,237.000000, 69.000000, 22.000000
1696452368179, 655.000000, 220.000000, 69.000000, 21.000000,235.000000, 69.000000, 21.000000
1696452368229, 501.000000, 92.000000, 70.000000, 21.000000,94.000000, 70.000000, 22.000000
1696452368280, 660.000000, 219.000000, 69.000000, 21.000000,235.000000, 70.000000, 21.000000
1696452368329, 667.000000, 200.000000, 69.000000, 21.000000,226.000000, 69.000000, 21.000000
1696452368379, 655.000000, 219.000000, 69.000000, 21.000000,234.000000, 69.000000, 21.000000
1696452368429, 521.000000, 221.000000, 69.000000, 21.000000,173.000000, 69.000000, 22.000000
1696452368479, 673.000000, 227.000000, 70.000000, 21.000000,235.000000, 69.000000, 21.000000
1696452368529, 627.000000, 101.000000, 70.000000, 21.000000,111.000000, 70.000000, 21.000000
1696452368579, 669.000000, 229.000000, 69.000000, 21.000000,235.000000, 69.000000, 21.000000
1696452368638, 627.000000, 229.000000, 69.000000, 21.000000,235.000000, 69.000000, 21.000000
1696452368676, 673.000000, 228.000000, 70.000000, 21.000000,235.000000, 69.000000, 21.000000
1696452368738, 541.000000, 221.000000, 70.000000, 21.000000,236.000000, 70.000000, 22.000000
1696452368770, 653.000000, 94.000000, 70.000000, 21.000000,109.000000, 70.000000, 22.000000
1696452368837, 673.000000, 221.000000, 70.000000, 21.000000,248.000000, 69.000000, 21.000000
1696452368869, 596.000000, 218.000000, 69.000000, 20.000000,244.000000, 68.000000, 21.000000
1696452368917, 673.000000, 221.000000, 69.000000, 21.000000,242.000000, 69.000000, 21.000000
1696452368966, 667.000000, 220.000000, 69.000000, 21.000000,245.000000, 69.000000, 22.000000
1696452369018, 667.000000, 219.000000, 69.000000, 21.000000,237.000000, 69.000000, 21.000000
1696452369067, 647.000000, 220.000000, 70.000000, 21.000000,236.000000, 69.000000, 21.000000
1696452369116, 579.000000, 92.000000, 69.000000, 21.000000,168.000000, 69.000000, 21.000000
1696452369186, 559.000000, 218.000000, 69.000000, 20.000000,235.000000, 69.000000, 21.000000
1696452369237, 669.000000, 220.000000, 70.000000, 21.000000,237.000000, 69.000000, 21.000000
1696452369307, 516.000000, 223.000000, 70.000000, 21.000000,237.000000, 70.000000, 22.000000
1696452369358, 667.000000, 219.000000, 70.000000, 20.000000,234.000000, 69.000000, 21.000000
1696452369404, 651.000000, 220.000000, 70.000000, 21.000000,236.000000, 71.000000, 21.000000
1696452369436, 527.000000, 217.000000, 70.000000, 21.000000,232.000000, 69.000000, 22.000000
1696452369482, 660.000000, 219.000000, 70.000000, 21.000000,235.000000, 70.000000, 21.000000
1696452369530, 654.000000, 94.000000, 70.000000, 22.000000,169.000000, 70.000000, 22.000000
1696452369579, 660.000000, 221.000000, 71.000000, 21.000000,236.000000, 70.000000, 22.000000
1696452369629, 600.000000, 219.000000, 69.000000, 21.000000,234.000000, 70.000000, 21.000000
1696452369677, 670.000000, 127.000000, 70.000000, 21.000000,206.000000, 69.000000, 22.000000
1696452369745, 583.000000, 228.000000, 70.000000, 21.000000,235.000000, 70.000000, 21.000000
1696452369777, 673.000000, 230.000000, 70.000000, 21.000000,235.000000, 69.000000, 21.000000
1696452369828, 647.000000, 228.000000, 70.000000, 21.000000,235.000000, 69.000000, 21.000000
1696452369874, 552.000000, 101.000000, 69.000000, 21.000000,96.000000, 69.000000, 21.000000
1696452369924, 669.000000, 231.000000, 70.000000, 22.000000,236.000000, 69.000000, 21.000000
1696452369971, 611.000000, 100.000000, 69.000000, 21.000000,102.000000, 70.000000, 21.000000
1696452370022, 660.000000, 220.000000, 70.000000, 21.000000,236.000000, 69.000000, 21.000000
1696452370069, 605.000000, 222.000000, 70.000000, 21.000000,236.000000, 70.000000, 22.000000
1696452370137, 665.000000, 218.000000, 69.000000, 20.000000,233.000000, 69.000000, 21.000000
1696452370186, 488.000000, 221.000000, 70.000000, 21.000000,235.000000, 70.000000, 21.000000
1696452370219, 666.000000, 220.000000, 69.000000, 21.000000,236.000000, 69.000000, 22.000000
1696452370266, 644.000000, 221.000000, 70.000000, 21.000000,241.000000, 70.000000, 22.000000
1696452370317, 539.000000, 92.000000, 69.000000, 21.000000,96.000000, 69.000000, 21.000000
1696452370387, 625.000000, 221.000000, 70.000000, 21.000000,236.000000, 70.000000, 21.000000
1696452370439, 630.000000, 94.000000, 69.000000, 21.000000,97.000000, 69.000000, 21.000000
1696452370506, 560.000000, 221.000000, 70.000000, 21.000000,237.000000, 70.000000, 21.000000
1696452370538, 673.000000, 219.000000, 69.000000, 21.000000,237.000000, 69.000000, 21.000000
1696452370607, 636.000000, 219.000000, 68.000000, 20.000000,236.000000, 69.000000, 21.000000
1696452370657, 666.000000, 220.000000, 69.000000, 21.000000,236.000000, 69.000000, 21.000000
1696452370689, 666.000000, 220.000000, 69.000000, 21.000000,236.000000, 69.000000, 21.000000
1696452370756, 666.000000, 220.000000, 68.000000, 21.000000,236.000000, 70.000000, 21.000000
1696452370788, 651.000000, 220.000000, 69.000000, 21.000000,237.000000, 69.000000, 21.000000
1696452370836, 556.000000, 93.000000, 69.000000, 21.000000,99.000000, 70.000000, 21.000000
1696452370887, 667.000000, 220.000000, 69.000000, 21.000000,237.000000, 70.000000, 21.000000
1696452370934, 669.000000, 220.000000, 70.000000, 21.000000,237.000000, 69.000000, 21.000000
1696452370984, 662.000000, 227.000000, 70.000000, 23.000000,237.000000, 70.000000, 21.000000
1696452371034, 534.000000, 229.000000, 70.000000, 21.000000,163.000000, 70.000000, 22.000000
1696452371079, 677.000000, 229.000000, 70.000000, 21.000000,236.000000, 69.000000, 21.000000
1696452371138, 481.000000, 103.000000, 70.000000, 21.000000,103.000000, 70.000000, 22.000000
1696452371179, 671.000000, 229.000000, 69.000000, 20.000000,234.000000, 69.000000, 21.000000
1696452371229, 616.000000, 228.000000, 70.000000, 21.000000,234.000000, 69.000000, 22.000000
1696452371279, 565.000000, 94.000000, 70.000000, 21.000000,97.000000, 70.000000, 21.000000
1696452371326, 673.000000, 219.000000, 70.000000, 21.000000,235.000000, 70.000000, 21.000000
1696452371397, 625.000000, 92.000000, 69.000000, 20.000000,164.000000, 69.000000, 21.000000
1696452371467, 640.000000, 219.000000, 69.000000, 21.000000,236.000000, 70.000000, 21.000000
1696452371519, 580.000000, 93.000000, 69.000000, 21.000000,107.000000, 70.000000, 21.000000
1696452371564, 666.000000, 221.000000, 70.000000, 21.000000,235.000000, 69.000000, 21.000000
1696452371614, 656.000000, 95.000000, 71.000000, 21.000000,174.000000, 71.000000, 21.000000
1696452371666, 656.000000, 218.000000, 70.000000, 20.000000,235.000000, 69.000000, 21.000000
1696452371718, 488.000000, 91.000000, 69.000000, 20.000000,103.000000, 70.000000, 21.000000
1696452371764, 662.000000, 221.000000, 69.000000, 21.000000,237.000000, 70.000000, 21.000000
1696452371814, 612.000000, 92.000000, 69.000000, 20.000000,128.000000, 70.000000, 21.000000
1696452371864, 658.000000, 219.000000, 69.000000, 21.000000,236.000000, 69.000000, 21.000000
1696452371917, 503.000000, 92.000000, 69.000000, 21.000000,110.000000, 70.000000, 22.000000
1696452371969, 665.000000, 221.000000, 70.000000, 21.000000,237.000000, 70.000000, 21.000000
1696452372036, 669.000000, 199.000000, 70.000000, 21.000000,227.000000, 70.000000, 22.000000
1696452372068, 655.000000, 219.000000, 69.000000, 21.000000,237.000000, 70.000000, 21.000000
1696452372116, 525.000000, 221.000000, 69.000000, 21.000000,234.000000, 70.000000, 22.000000
1696452372168, 664.000000, 221.000000, 70.000000, 21.000000,236.000000, 70.000000, 21.000000
1696452372216, 594.000000, 94.000000, 69.000000, 21.000000,104.000000, 70.000000, 22.000000
1696452372267, 662.000000, 227.000000, 70.000000, 23.000000,236.000000, 69.000000, 22.000000
1696452372317, 567.000000, 228.000000, 70.000000, 21.000000,231.000000, 70.000000, 21.000000
1696452372387, 662.000000, 226.000000, 69.000000, 21.000000,233.000000, 69.000000, 21.000000
1696452372454, 488.000000, 101.000000, 70.000000, 21.000000,236.000000, 69.000000, 21.000000
1696452372488, 675.000000, 230.000000, 69.000000, 21.000000,236.000000, 69.000000, 21.000000
1696452372539, 675.000000, 223.000000, 69.000000, 21.000000,236.000000, 69.000000, 21.000000
1696452372586, 660.000000, 220.000000, 69.000000, 21.000000,236.000000, 69.000000, 21.000000
1696452372632, 614.000000, 220.000000, 69.000000, 21.000000,235.000000, 70.000000, 21.000000
1696452372686, 666.000000, 219.000000, 69.000000, 20.000000,235.000000, 68.000000, 21.000000
1696452372758, 576.000000, 93.000000, 69.000000, 21.000000,133.000000, 70.000000, 22.000000
1696452372807, 664.000000, 220.000000, 69.000000, 20.000000,238.000000, 69.000000, 21.000000
1696452372858, 669.000000, 219.000000, 69.000000, 20.000000,235.000000, 69.000000, 21.000000
1696452372918, 649.000000, 219.000000, 69.000000, 21.000000,236.000000, 69.000000, 21.000000
1696452372960, 574.000000, 92.000000, 69.000000, 21.000000,99.000000, 69.000000, 21.000000
1696452373009, 669.000000, 219.000000, 69.000000, 21.000000,237.000000, 69.000000, 21.000000
1696452373059, 669.000000, 220.000000, 70.000000, 21.000000,239.000000, 69.000000, 21.000000
1696452373109, 660.000000, 220.000000, 70.000000, 21.000000,236.000000, 70.000000, 21.000000
1696452373159, 472.000000, 217.000000, 69.000000, 20.000000,228.000000, 68.000000, 21.000000
1696452373204, 667.000000, 218.000000, 70.000000, 21.000000,236.000000, 69.000000, 21.000000
1696452373248, 658.000000, 221.000000, 69.000000, 21.000000,235.000000, 70.000000, 21.000000
1696452373281, 577.000000, 93.000000, 70.000000, 21.000000,101.000000, 69.000000, 21.000000
1696452373331, 660.000000, 219.000000, 70.000000, 21.000000,233.000000, 70.000000, 21.000000
1696452373380, 669.000000, 219.000000, 70.000000, 21.000000,235.000000, 69.000000, 22.000000
1696452373432, 620.000000, 221.000000, 70.000000, 21.000000,237.000000, 70.000000, 21.000000
1696452373479, 546.000000, 92.000000, 69.000000, 20.000000,97.000000, 69.000000, 21.000000
1696452373529, 666.000000, 220.000000, 70.000000, 21.000000,237.000000, 69.000000, 21.000000
1696452373579, 676.000000, 228.000000, 70.000000, 22.000000,240.000000, 70.000000, 22.000000
1696452373629, 674.000000, 229.000000, 70.000000, 23.000000,237.000000, 70.000000, 22.000000
1696452373679, 526.000000, 226.000000, 69.000000, 21.000000,161.000000, 69.000000, 21.000000
1696452373728, 678.000000, 230.000000, 70.000000, 21.000000,238.000000, 70.000000, 21.000000
1696452373775, 669.000000, 229.000000, 69.000000, 21.000000,236.000000, 69.000000, 21.000000
1696452373827, 667.000000, 221.000000, 69.000000, 21.000000,237.000000, 70.000000, 21.000000
1696452373888, 636.000000, 220.000000, 69.000000, 21.000000,236.000000, 70.000000, 21.000000
1696452373929, 667.000000, 219.000000, 69.000000, 21.000000,236.000000, 69.000000, 21.000000
1696452373975, 644.000000, 219.000000, 68.000000, 21.000000,237.000000, 70.000000, 21.000000
1696452374026, 666.000000, 220.000000, 69.000000, 21.000000,237.000000, 70.000000, 21.000000
1696452374077, 627.000000, 218.000000, 69.000000, 20.000000,235.000000, 70.000000, 21.000000
1696452374124, 634.000000, 94.000000, 69.000000, 21.000000,169.000000, 70.000000, 22.000000
1696452374174, 664.000000, 219.000000, 69.000000, 21.000000,240.000000, 70.000000, 21.000000
1696452374223, 669.000000, 220.000000, 69.000000, 21.000000,237.000000, 70.000000, 21.000000
1696452374270, 662.000000, 219.000000, 70.000000, 21.000000,243.000000, 70.000000, 21.000000
1696452374318, 601.000000, 219.000000, 69.000000, 21.000000,234.000000, 69.000000, 21.000000
1696452374371, 671.000000, 218.000000, 69.000000, 21.000000,235.000000, 69.000000, 21.000000
1696452374421, 672.000000, 164.000000, 69.000000, 21.000000,204.000000, 70.000000, 21.000000
1696452374472, 662.000000, 222.000000, 69.000000, 21.000000,237.000000, 70.000000, 21.000000
1696452374535, 530.000000, 221.000000, 69.000000, 21.000000,231.000000, 69.000000, 21.000000
1696452374569, 671.000000, 221.000000, 69.000000, 21.000000,240.000000, 69.000000, 21.000000
1696452374621, 612.000000, 96.000000, 69.000000, 21.000000,105.000000, 70.000000, 21.000000
1696452374672, 660.000000, 221.000000, 70.000000, 21.000000,236.000000, 70.000000, 21.000000
1696452374720, 574.000000, 222.000000, 69.000000, 21.000000,234.000000, 70.000000, 22.000000
1696452374787, 658.000000, 222.000000, 70.000000, 21.000000,236.000000, 70.000000, 21.000000
1696452374820, 537.000000, 99.000000, 69.000000, 20.000000,102.000000, 69.000000, 21.000000
1696452374867, 675.000000, 227.000000, 69.000000, 21.000000,236.000000, 69.000000, 21.000000
1696452374919, 592.000000, 227.000000, 69.000000, 21.000000,235.000000, 69.000000, 21.000000
1696452374967, 667.000000, 101.000000, 70.000000, 21.000000,162.000000, 70.000000, 21.000000
1696452375037, 613.000000, 227.000000, 70.000000, 21.000000,236.000000, 70.000000, 21.000000
1696452375089, 677.000000, 227.000000, 70.000000, 21.000000,237.000000, 70.000000, 21.000000
1696452375148, 583.000000, 94.000000, 70.000000, 21.000000,105.000000, 70.000000, 21.000000
1696452375190, 667.000000, 218.000000, 69.000000, 21.000000,236.000000, 68.000000, 21.000000
1696452375240, 493.000000, 219.000000, 69.000000, 21.000000,234.000000, 69.000000, 21.000000
1696452375291, 671.000000, 220.000000, 70.000000, 21.000000,233.000000, 70.000000, 21.000000
1696452375341, 589.000000, 93.000000, 70.000000, 21.000000,129.000000, 70.000000, 22.000000
1696452375398, 667.000000, 220.000000, 70.000000, 21.000000,237.000000, 70.000000, 21.000000
1696452375438, 627.000000, 219.000000, 69.000000, 21.000000,235.000000, 69.000000, 21.000000
1696452375484, 660.000000, 95.000000, 71.000000, 21.000000,169.000000, 71.000000, 22.000000
1696452375534, 667.000000, 220.000000, 69.000000, 21.000000,237.000000, 70.000000, 21.000000
1696452375584, 671.000000, 218.000000, 70.000000, 20.000000,236.000000, 69.000000, 21.000000
1696452375636, 613.000000, 219.000000, 69.000000, 21.000000,236.000000, 70.000000, 21.000000
1696452375706, 671.000000, 219.000000, 70.000000, 21.000000,242.000000, 69.000000, 22.000000
1696452375758, 627.000000, 220.000000, 69.000000, 21.000000,236.000000, 70.000000, 21.000000
1696452375828, 669.000000, 220.000000, 69.000000, 21.000000,237.000000, 69.000000, 21.000000
1696452375860, 669.000000, 220.000000, 69.000000, 21.000000,103.000000, 71.000000, 21.000000
1696452375910, 667.000000, 220.000000, 69.000000, 21.000000,236.000000, 69.000000, 21.000000
1696452375976, 598.000000, 218.000000, 69.000000, 20.000000,233.000000, 69.000000, 21.000000
1696452376008, 612.000000, 92.000000, 69.000000, 21.000000,96.000000, 71.000000, 21.000000
1696452376059, 658.000000, 219.000000, 70.000000, 21.000000,235.000000, 69.000000, 21.000000
1696452376109, 673.000000, 228.000000, 69.000000, 21.000000,235.000000, 71.000000, 21.000000
1696452376176, 624.000000, 229.000000, 70.000000, 21.000000,236.000000, 70.000000, 22.000000
1696452376208, 550.000000, 100.000000, 69.000000, 21.000000,97.000000, 70.000000, 21.000000
1696452376258, 671.000000, 226.000000, 69.000000, 21.000000,235.000000, 71.000000, 21.000000
1696452376327, 678.000000, 227.000000, 69.000000, 21.000000,236.000000, 69.000000, 21.000000
1696452376376, 660.000000, 228.000000, 69.000000, 21.000000,236.000000, 71.000000, 21.000000
1696452376409, 583.000000, 99.000000, 69.000000, 21.000000,99.000000, 69.000000, 21.000000
1696452376459, 660.000000, 219.000000, 68.000000, 21.000000,235.000000, 69.000000, 21.000000
1696452376526, 669.000000, 219.000000, 68.000000, 20.000000,235.000000, 69.000000, 21.000000
1696452376558, 644.000000, 219.000000, 69.000000, 21.000000,236.000000, 69.000000, 21.000000
1696452376609, 647.000000, 93.000000, 70.000000, 20.000000,98.000000, 71.000000, 21.000000
1696452376641, 638.000000, 218.000000, 69.000000, 21.000000,235.000000, 69.000000, 21.000000
1696452376688, 612.000000, 91.000000, 69.000000, 21.000000,165.000000, 69.000000, 21.000000
1696452376739, 662.000000, 219.000000, 69.000000, 21.000000,234.000000, 70.000000, 21.000000
1696452376789, 669.000000, 221.000000, 69.000000, 20.000000,234.000000, 69.000000, 21.000000
1696452376838, 656.000000, 219.000000, 70.000000, 21.000000,234.000000, 70.000000, 21.000000
1696452376889, 563.000000, 93.000000, 70.000000, 21.000000,105.000000, 71.000000, 21.000000
1696452376936, 671.000000, 221.000000, 69.000000, 21.000000,235.000000, 69.000000, 21.000000
1696452377006, 671.000000, 219.000000, 69.000000, 21.000000,236.000000, 70.000000, 21.000000
1696452377039, 658.000000, 219.000000, 69.000000, 21.000000,237.000000, 70.000000, 21.000000
1696452377086, 528.000000, 93.000000, 70.000000, 21.000000,108.000000, 70.000000, 21.000000
1696452377156, 653.000000, 219.000000, 68.000000, 21.000000,236.000000, 69.000000, 21.000000
1696452377207, 572.000000, 92.000000, 70.000000, 21.000000,95.000000, 70.000000, 22.000000
1696452377256, 660.000000, 221.000000, 70.000000, 21.000000,237.000000, 69.000000, 21.000000
1696452377307, 666.000000, 221.000000, 70.000000, 21.000000,236.000000, 70.000000, 21.000000
1696452377339, 666.000000, 221.000000, 70.000000, 21.000000,236.000000, 70.000000, 21.000000
1696452377389, 667.000000, 219.000000, 69.000000, 20.000000,234.000000, 69.000000, 21.000000
1696452377440, 649.000000, 226.000000, 70.000000, 21.000000,235.000000, 70.000000, 21.000000
1696452377486, 490.000000, 223.000000, 70.000000, 22.000000,232.000000, 70.000000, 22.000000
1696452377537, 675.000000, 228.000000, 69.000000, 21.000000,237.000000, 69.000000, 21.000000
1696452377607, 614.000000, 98.000000, 69.000000, 21.000000,166.000000, 70.000000, 21.000000
1696452377659, 673.000000, 228.000000, 70.000000, 21.000000,237.000000, 70.000000, 21.000000
1696452377726, 671.000000, 206.000000, 70.000000, 21.000000,226.000000, 70.000000, 21.000000
1696452377778, 665.000000, 218.000000, 70.000000, 21.000000,237.000000, 69.000000, 21.000000
1696452377810, 490.000000, 93.000000, 70.000000, 21.000000,100.000000, 70.000000, 21.000000
1696452377860, 665.000000, 219.000000, 70.000000, 21.000000,235.000000, 70.000000, 21.000000
1696452377910, 667.000000, 219.000000, 70.000000, 21.000000,237.000000, 69.000000, 21.000000
1696452377960, 649.000000, 220.000000, 69.000000, 20.000000,235.000000, 69.000000, 21.000000
1696452378011, 539.000000, 93.000000, 70.000000, 21.000000,98.000000, 70.000000, 21.000000
1696452378076, 629.000000, 219.000000, 69.000000, 21.000000,234.000000, 69.000000, 21.000000
1696452378109, 664.000000, 218.000000, 70.000000, 20.000000,232.000000, 69.000000, 21.000000
1696452378159, 649.000000, 219.000000, 69.000000, 21.000000,235.000000, 69.000000, 21.000000
1696452378210, 501.000000, 219.000000, 70.000000, 20.000000,162.000000, 70.000000, 21.000000
1696452378257, 667.000000, 219.000000, 70.000000, 21.000000,236.000000, 69.000000, 21.000000
1696452378327, 548.000000, 93.000000, 70.000000, 21.000000,162.000000, 70.000000, 21.000000
1696452378379, 667.000000, 220.000000, 70.000000, 21.000000,235.000000, 69.000000, 21.000000
1696452378429, 669.000000, 222.000000, 70.000000, 21.000000,235.000000, 70.000000, 21.000000
1696452378480, 638.000000, 220.000000, 71.000000, 21.000000,235.000000, 70.000000, 21.000000
1696452378530, 510.000000, 93.000000, 69.000000, 21.000000,111.000000, 70.000000, 22.000000
1696452378581, 664.000000, 219.000000, 70.000000, 21.000000,234.000000, 70.000000, 22.000000
1696452378629, 671.000000, 219.000000, 70.000000, 21.000000,234.000000, 70.000000, 22.000000
1696452378679, 658.000000, 230.000000, 69.000000, 21.000000,237.000000, 70.000000, 21.000000
1696452378725, 574.000000, 227.000000, 70.000000, 21.000000,231.000000, 69.000000, 22.000000
1696452378798, 671.000000, 226.000000, 69.000000, 21.000000,235.000000, 69.000000, 21.000000
1696452378849, 563.000000, 228.000000, 70.000000, 21.000000,166.000000, 69.000000, 21.000000
1696452378899, 675.000000, 231.000000, 70.000000, 21.000000,238.000000, 70.000000, 21.000000
1696452378950, 648.000000, 96.000000, 71.000000, 21.000000,166.000000, 70.000000, 21.000000
1696452379016, 662.000000, 220.000000, 70.000000, 21.000000,236.000000, 69.000000, 21.000000
1696452379067, 669.000000, 222.000000, 71.000000, 21.000000,239.000000, 70.000000, 22.000000
1696452379117, 658.000000, 220.000000, 70.000000, 21.000000,238.000000, 70.000000, 21.000000
1696452379167, 493.000000, 93.000000, 69.000000, 21.000000,104.000000, 70.000000, 21.000000
1696452379200, 664.000000, 220.000000, 70.000000, 21.000000,237.000000, 69.000000, 21.000000
1696452379249, 475.000000, 92.000000, 70.000000, 21.000000,103.000000, 70.000000, 21.000000
1696452379316, 656.000000, 219.000000, 70.000000, 20.000000,234.000000, 69.000000, 21.000000
1696452379348, 557.000000, 92.000000, 70.000000, 21.000000,103.000000, 70.000000, 22.000000
1696452379416, 662.000000, 221.000000, 70.000000, 21.000000,236.000000, 70.000000, 22.000000
1696452379448, 585.000000, 218.000000, 69.000000, 20.000000,236.000000, 69.000000, 21.000000
1696452379517, 665.000000, 219.000000, 70.000000, 20.000000,236.000000, 69.000000, 21.000000
1696452379567, 464.000000, 98.000000, 69.000000, 20.000000,114.000000, 68.000000, 21.000000
1696452379600, 662.000000, 220.000000, 70.000000, 21.000000,237.000000, 70.000000, 21.000000
1696452379649, 464.000000, 167.000000, 69.000000, 21.000000,171.000000, 69.000000, 21.000000
1696452379716, 662.000000, 219.000000, 69.000000, 21.000000,236.000000, 70.000000, 21.000000
1696452379767, 461.000000, 219.000000, 70.000000, 21.000000,235.000000, 70.000000, 21.000000
1696452379799, 665.000000, 220.000000, 70.000000, 21.000000,238.000000, 70.000000, 21.000000
1696452379847, 605.000000, 219.000000, 70.000000, 21.000000,239.000000, 70.000000, 21.000000
1696452379917, 666.000000, 220.000000, 70.000000, 21.000000,237.000000, 70.000000, 21.000000
1696452379967, 466.000000, 225.000000, 69.000000, 21.000000,234.000000, 70.000000, 21.000000
1696452380000, 678.000000, 229.000000, 70.000000, 21.000000,237.000000, 69.000000, 21.000000
1696452380058, 622.000000, 228.000000, 69.000000, 21.000000,235.000000, 70.000000, 21.000000
1696452380096, 641.000000, 100.000000, 69.000000, 20.000000,166.000000, 70.000000, 21.000000
1696452380167, 569.000000, 230.000000, 70.000000, 21.000000,236.000000, 69.000000, 21.000000
1696452380217, 678.000000, 228.000000, 70.000000, 21.000000,236.000000, 70.000000, 21.000000
1696452380266, 640.000000, 222.000000, 70.000000, 21.000000,237.000000, 70.000000, 21.000000
1696452380318, 665.000000, 219.000000, 70.000000, 21.000000,236.000000, 70.000000, 21.000000
1696452380370, 538.000000, 221.000000, 70.000000, 21.000000,235.000000, 70.000000, 21.000000
1696452380417, 669.000000, 220.000000, 69.000000, 21.000000,238.000000, 69.000000, 21.000000
1696452380487, 592.000000, 219.000000, 70.000000, 21.000000,237.000000, 70.000000, 21.000000
1696452380537, 669.000000, 219.000000, 68.000000, 20.000000,235.000000, 69.000000, 21.000000
1696452380569, 630.000000, 219.000000, 70.000000, 21.000000,236.000000, 70.000000, 21.000000
1696452380617, 656.000000, 93.000000, 69.000000, 21.000000,166.000000, 70.000000, 21.000000
1696452380668, 653.000000, 219.000000, 69.000000, 20.000000,236.000000, 70.000000, 21.000000
1696452380737, 669.000000, 219.000000, 69.000000, 20.000000,237.000000, 70.000000, 21.000000
1696452380769, 616.000000, 220.000000, 70.000000, 21.000000,237.000000, 70.000000, 21.000000
1696452380816, 670.000000, 116.000000, 70.000000, 21.000000,185.000000, 70.000000, 21.000000
1696452380886, 638.000000, 220.000000, 70.000000, 21.000000,236.000000, 70.000000, 21.000000
1696452380938, 596.000000, 93.000000, 70.000000, 21.000000,98.000000, 70.000000, 21.000000
1696452381007, 591.000000, 220.000000, 69.000000, 21.000000,237.000000, 70.000000, 21.000000
1696452381056, 671.000000, 220.000000, 70.000000, 21.000000,238.000000, 70.000000, 21.000000
1696452381088, 642.000000, 220.000000, 70.000000, 21.000000,233.000000, 70.000000, 21.000000
1696452381135, 672.000000, 110.000000, 70.000000, 21.000000,179.000000, 70.000000, 21.000000
1696452381187, 665.000000, 219.000000, 69.000000, 21.000000,236.000000, 70.000000, 21.000000
1696452381256, 680.000000, 229.000000, 70.000000, 21.000000,237.000000, 69.000000, 22.000000
1696452381307, 662.000000, 226.000000, 69.000000, 21.000000,233.000000, 69.000000, 21.000000
1696452381357, 669.000000, 226.000000, 69.000000, 21.000000,234.000000, 69.000000, 21.000000
1696452381389, 669.000000, 226.000000, 69.000000, 21.000000,234.000000, 69.000000, 21.000000
1696452381456, 680.000000, 227.000000, 69.000000, 21.000000,236.000000, 70.000000, 21.000000
1696452381506, 664.000000, 228.000000, 70.000000, 21.000000,236.000000, 70.000000, 21.000000
1696452381538, 501.000000, 92.000000, 69.000000, 20.000000,99.000000, 70.000000, 21.000000
1696452381589, 658.000000, 218.000000, 69.000000, 21.000000,235.000000, 70.000000, 21.000000
1696452381639, 669.000000, 220.000000, 70.000000, 21.000000,237.000000, 70.000000, 21.000000
1696452381689, 636.000000, 219.000000, 69.000000, 21.000000,236.000000, 69.000000, 21.000000
1696452381748, 556.000000, 93.000000, 71.000000, 21.000000,146.000000, 70.000000, 21.000000
1696452381785, 672.000000, 219.000000, 70.000000, 21.000000,236.000000, 70.000000, 21.000000
1696452381836, 667.000000, 217.000000, 70.000000, 21.000000,235.000000, 69.000000, 21.000000
1696452381907, 645.000000, 219.000000, 70.000000, 21.000000,236.000000, 70.000000, 21.000000
1696452381959, 669.000000, 220.000000, 70.000000, 21.000000,236.000000, 70.000000, 21.000000
1696452382029, 645.000000, 220.000000, 70.000000, 21.000000,235.000000, 70.000000, 21.000000
1696452382079, 669.000000, 220.000000, 70.000000, 21.000000,235.000000, 69.000000, 21.000000
1696452382146, 656.000000, 220.000000, 70.000000, 21.000000,244.000000, 70.000000, 21.000000
1696452382197, 669.000000, 220.000000, 70.000000, 21.000000,245.000000, 69.000000, 21.000000
1696452382249, 649.000000, 218.000000, 69.000000, 20.000000,236.000000, 70.000000, 21.000000
1696452382299, 548.000000, 92.000000, 69.000000, 21.000000,97.000000, 69.000000, 21.000000
1696452382367, 644.000000, 220.000000, 70.000000, 21.000000,237.000000, 70.000000, 21.000000
1696452382417, 572.000000, 91.000000, 68.000000, 21.000000,126.000000, 70.000000, 21.000000
1696452382467, 660.000000, 221.000000, 70.000000, 21.000000,238.000000, 70.000000, 21.000000
1696452382499, 464.000000, 95.000000, 70.000000, 22.000000,100.000000, 71.000000, 22.000000
1696452382551, 667.000000, 228.000000, 69.000000, 21.000000,235.000000, 69.000000, 21.000000
1696452382599, 677.000000, 227.000000, 70.000000, 21.000000,238.000000, 70.000000, 21.000000
1696452382666, 653.000000, 226.000000, 70.000000, 21.000000,237.000000, 70.000000, 21.000000
1696452382698, 477.000000, 228.000000, 68.000000, 21.000000,232.000000, 69.000000, 21.000000
1696452382744, 673.000000, 229.000000, 70.000000, 22.000000,236.000000, 70.000000, 21.000000
1696452382794, 649.000000, 96.000000, 69.000000, 21.000000,133.000000, 70.000000, 22.000000
1696452382844, 656.000000, 219.000000, 69.000000, 21.000000,234.000000, 70.000000, 21.000000
1696452382894, 477.000000, 222.000000, 70.000000, 21.000000,236.000000, 70.000000, 22.000000
1696452382944, 673.000000, 219.000000, 69.000000, 21.000000,232.000000, 69.000000, 21.000000
1696452382994, 519.000000, 219.000000, 69.000000, 21.000000,162.000000, 69.000000, 21.000000
1696452383040, 667.000000, 219.000000, 69.000000, 21.000000,235.000000, 70.000000, 21.000000
1696452383092, 623.000000, 219.000000, 70.000000, 21.000000,235.000000, 70.000000, 21.000000
1696452383137, 521.000000, 93.000000, 69.000000, 21.000000,96.000000, 69.000000, 21.000000
1696452383188, 662.000000, 219.000000, 69.000000, 21.000000,236.000000, 69.000000, 21.000000
1696452383234, 627.000000, 219.000000, 69.000000, 21.000000,234.000000, 70.000000, 21.000000
1696452383283, 665.000000, 220.000000, 69.000000, 21.000000,235.000000, 69.000000, 21.000000
1696452383333, 587.000000, 219.000000, 69.000000, 21.000000,234.000000, 69.000000, 21.000000
1696452383382, 662.000000, 218.000000, 69.000000, 21.000000,235.000000, 69.000000, 21.000000
1696452383430, 660.000000, 219.000000, 69.000000, 21.000000,235.000000, 69.000000, 21.000000
1696452383484, 667.000000, 219.000000, 69.000000, 21.000000,235.000000, 69.000000, 21.000000
1696452383529, 649.000000, 219.000000, 69.000000, 21.000000,236.000000, 69.000000, 21.000000
1696452383579, 528.000000, 92.000000, 69.000000, 21.000000,104.000000, 69.000000, 21.000000
1696452383629, 666.000000, 219.000000, 69.000000, 21.000000,236.000000, 69.000000, 21.000000
1696452383708, 628.000000, 93.000000, 70.000000, 21.000000,172.000000, 70.000000, 22.000000
1696452383749, 666.000000, 218.000000, 69.000000, 21.000000,238.000000, 69.000000, 21.000000
1696452383799, 675.000000, 225.000000, 70.000000, 20.000000,235.000000, 69.000000, 21.000000
1696452383849, 664.000000, 228.000000, 70.000000, 21.000000,238.000000, 69.000000, 22.000000
1696452383897, 583.000000, 226.000000, 69.000000, 22.000000,233.000000, 69.000000, 22.000000
1696452383942, 680.000000, 227.000000, 70.000000, 21.000000,236.000000, 69.000000, 21.000000
1696452383992, 669.000000, 228.000000, 70.000000, 21.000000,237.000000, 70.000000, 21.000000
1696452384044, 678.000000, 228.000000, 71.000000, 21.000000,235.000000, 69.000000, 22.000000
1696452384094, 631.000000, 222.000000, 70.000000, 21.000000,237.000000, 70.000000, 22.000000
1696452384140, 645.000000, 93.000000, 69.000000, 21.000000,168.000000, 70.000000, 21.000000
1696452384206, 627.000000, 220.000000, 70.000000, 21.000000,237.000000, 70.000000, 21.000000
1696452384239, 565.000000, 94.000000, 70.000000, 21.000000,104.000000, 71.000000, 22.000000
1696452384287, 667.000000, 219.000000, 69.000000, 21.000000,236.000000, 70.000000, 21.000000
1696452384338, 471.000000, 92.000000, 69.000000, 21.000000,110.000000, 70.000000, 22.000000
1696452384384, 669.000000, 219.000000, 69.000000, 21.000000,237.000000, 70.000000, 21.000000
1696452384434, 658.000000, 218.000000, 70.000000, 20.000000,235.000000, 69.000000, 21.000000
1696452384485, 666.000000, 220.000000, 70.000000, 21.000000,232.000000, 70.000000, 21.000000
1696452384535, 622.000000, 219.000000, 70.000000, 21.000000,235.000000, 70.000000, 21.000000
1696452384584, 667.000000, 219.000000, 69.000000, 21.000000,235.000000, 69.000000, 21.000000
1696452384631, 660.000000, 218.000000, 70.000000, 20.000000,235.000000, 69.000000, 21.000000
1696452384680, 671.000000, 220.000000, 70.000000, 21.000000,235.000000, 70.000000, 21.000000
1696452384729, 660.000000, 220.000000, 70.000000, 21.000000,238.000000, 70.000000, 21.000000
1696452384779, 527.000000, 219.000000, 69.000000, 21.000000,235.000000, 69.000000, 21.000000
1696452384847, 664.000000, 221.000000, 70.000000, 21.000000,238.000000, 69.000000, 21.000000
1696452384897, 460.000000, 93.000000, 70.000000, 21.000000,107.000000, 70.000000, 22.000000
1696452384947, 664.000000, 219.000000, 70.000000, 21.000000,237.000000, 70.000000, 21.000000
1696452384979, 616.000000, 220.000000, 70.000000, 21.000000,237.000000, 70.000000, 21.000000
1696452385027, 666.000000, 213.000000, 69.000000, 21.000000,236.000000, 69.000000, 21.000000
1696452385097, 596.000000, 228.000000, 70.000000, 21.000000,236.000000, 69.000000, 21.000000
1696452385148, 675.000000, 228.000000, 70.000000, 21.000000,237.000000, 70.000000, 21.000000
1696452385193, 666.000000, 226.000000, 70.000000, 21.000000,236.000000, 69.000000, 21.000000
1696452385244, 678.000000, 228.000000, 70.000000, 21.000000,237.000000, 69.000000, 21.000000
1696452385293, 640.000000, 226.000000, 69.000000, 21.000000,234.000000, 70.000000, 21.000000
1696452385343, 643.000000, 99.000000, 69.000000, 20.000000,96.000000, 69.000000, 21.000000
1696452385407, 640.000000, 220.000000, 69.000000, 20.000000,234.000000, 69.000000, 21.000000
1696452385439, 550.000000, 92.000000, 69.000000, 21.000000,103.000000, 69.000000, 21.000000
1696452385487, 669.000000, 221.000000, 70.000000, 21.000000,237.000000, 69.000000, 21.000000
1696452385538, 578.000000, 220.000000, 70.000000, 21.000000,236.000000, 69.000000, 21.000000
1696452385584, 669.000000, 221.000000, 70.000000, 21.000000,238.000000, 70.000000, 21.000000
1696452385634, 664.000000, 219.000000, 69.000000, 21.000000,237.000000, 69.000000, 21.000000
1696452385684, 669.000000, 221.000000, 70.000000, 21.000000,238.000000, 70.000000, 21.000000
1696452385746, 664.000000, 220.000000, 70.000000, 21.000000,237.000000, 70.000000, 21.000000
1696452385784, 479.000000, 94.000000, 70.000000, 21.000000,101.000000, 71.000000, 21.000000
1696452385829, 664.000000, 220.000000, 70.000000, 21.000000,236.000000, 69.000000, 21.000000
1696452385879, 644.000000, 220.000000, 69.000000, 21.000000,237.000000, 70.000000, 21.000000
1696452385929, 662.000000, 221.000000, 69.000000, 21.000000,237.000000, 70.000000, 21.000000
1696452385977, 644.000000, 220.000000, 69.000000, 21.000000,237.000000, 70.000000, 21.000000
1696452386028, 616.000000, 93.000000, 70.000000, 21.000000,98.000000, 70.000000, 21.000000
1696452386076, 662.000000, 219.000000, 70.000000, 21.000000,236.000000, 69.000000, 21.000000
1696452386146, 666.000000, 219.000000, 69.000000, 20.000000,235.000000, 69.000000, 21.000000
1696452386197, 662.000000, 220.000000, 70.000000, 21.000000,236.000000, 70.000000, 21.000000
1696452386243, 671.000000, 220.000000, 70.000000, 21.000000,238.000000, 69.000000, 21.000000
1696452386294, 659.000000, 221.000000, 70.000000, 21.000000,236.000000, 70.000000, 21.000000
1696452386343, 503.000000, 222.000000, 70.000000, 21.000000,162.000000, 70.000000, 22.000000
1696452386394, 673.000000, 227.000000, 69.000000, 21.000000,235.000000, 69.000000, 21.000000
1696452386439, 658.000000, 226.000000, 69.000000, 22.000000,238.000000, 69.000000, 21.000000
1696452386489, 673.000000, 227.000000, 70.000000, 21.000000,235.000000, 69.000000, 21.000000
1696452386540, 559.000000, 230.000000, 69.000000, 21.000000,236.000000, 69.000000, 21.000000
1696452386590, 677.000000, 228.000000, 70.000000, 21.000000,236.000000, 69.000000, 21.000000
1696452386640, 661.000000, 226.000000, 69.000000, 20.000000,233.000000, 68.000000, 21.000000
1696452386688, 667.000000, 220.000000, 70.000000, 21.000000,235.000000, 70.000000, 21.000000
1696452386735, 651.000000, 219.000000, 69.000000, 21.000000,233.000000, 69.000000, 21.000000
1696452386788, 610.000000, 92.000000, 69.000000, 21.000000,100.000000, 70.000000, 21.000000
1696452386856, 592.000000, 220.000000, 69.000000, 21.000000,235.000000, 70.000000, 22.000000
1696452386888, 664.000000, 219.000000, 70.000000, 21.000000,233.000000, 70.000000, 21.000000
1696452386934, 656.000000, 220.000000, 69.000000, 21.000000,235.000000, 69.000000, 21.000000
1696452386984, 490.000000, 220.000000, 70.000000, 21.000000,163.000000, 70.000000, 21.000000
1696452387036, 655.000000, 221.000000, 69.000000, 21.000000,235.000000, 70.000000, 21.000000
1696452387088, 669.000000, 220.000000, 69.000000, 21.000000,235.000000, 70.000000, 21.000000
1696452387133, 655.000000, 219.000000, 69.000000, 20.000000,234.000000, 69.000000, 21.000000
1696452387183, 469.000000, 94.000000, 70.000000, 21.000000,99.000000, 70.000000, 21.000000
1696452387232, 665.000000, 220.000000, 69.000000, 21.000000,235.000000, 69.000000, 21.000000
1696452387284, 665.000000, 95.000000, 70.000000, 21.000000,148.000000, 70.000000, 22.000000
1696452387330, 666.000000, 220.000000, 69.000000, 21.000000,235.000000, 70.000000, 21.000000
1696452387377, 662.000000, 220.000000, 69.000000, 21.000000,236.000000, 70.000000, 22.000000
1696452387425, 541.000000, 219.000000, 70.000000, 21.000000,234.000000, 69.000000, 22.000000
1696452387475, 669.000000, 221.000000, 69.000000, 21.000000,237.000000, 69.000000, 21.000000
1696452387527, 673.000000, 221.000000, 70.000000, 21.000000,237.000000, 70.000000, 21.000000
1696452387575, 665.000000, 219.000000, 69.000000, 21.000000,236.000000, 69.000000, 22.000000
1696452387626, 536.000000, 219.000000, 69.000000, 21.000000,162.000000, 69.000000, 21.000000
1696452387697, 665.000000, 228.000000, 70.000000, 21.000000,237.000000, 69.000000, 21.000000
1696452387766, 677.000000, 228.000000, 70.000000, 21.000000,237.000000, 70.000000, 21.000000
1696452387807, 647.000000, 227.000000, 70.000000, 21.000000,236.000000, 69.000000, 21.000000
1696452387846, 610.000000, 101.000000, 69.000000, 21.000000,103.000000, 70.000000, 21.000000
1696452387891, 675.000000, 229.000000, 69.000000, 21.000000,237.000000, 69.000000, 21.000000
1696452387946, 634.000000, 222.000000, 69.000000, 21.000000,237.000000, 69.000000, 22.000000
1696452387989, 550.000000, 92.000000, 70.000000, 21.000000,98.000000, 70.000000, 21.000000
1696452388057, 583.000000, 221.000000, 69.000000, 21.000000,235.000000, 70.000000, 21.000000
1696452388104, 667.000000, 112.000000, 69.000000, 21.000000,107.000000, 69.000000, 21.000000
1696452388154, 664.000000, 222.000000, 70.000000, 21.000000,234.000000, 70.000000, 22.000000
1696452388186, 497.000000, 218.000000, 69.000000, 20.000000,233.000000, 69.000000, 21.000000
1696452388257, 656.000000, 219.000000, 70.000000, 21.000000,236.000000, 69.000000, 21.000000
1696452388309, 524.000000, 92.000000, 69.000000, 21.000000,103.000000, 70.000000, 21.000000
1696452388376, 645.000000, 220.000000, 70.000000, 21.000000,234.000000, 70.000000, 21.000000
1696452388408, 570.000000, 93.000000, 70.000000, 21.000000,95.000000, 70.000000, 22.000000
1696452388454, 662.000000, 219.000000, 69.000000, 21.000000,234.000000, 70.000000, 21.000000
1696452388504, 552.000000, 221.000000, 69.000000, 21.000000,235.000000, 70.000000, 21.000000
1696452388553, 671.000000, 220.000000, 69.000000, 21.000000,235.000000, 69.000000, 21.000000
1696452388603, 658.000000, 220.000000, 69.000000, 20.000000,234.000000, 70.000000, 21.000000
1696452388649, 667.000000, 220.000000, 69.000000, 20.000000,234.000000, 69.000000, 21.000000
1696452388699, 647.000000, 220.000000, 70.000000, 21.000000,236.000000, 70.000000, 21.000000
1696452388750, 579.000000, 93.000000, 69.000000, 21.000000,102.000000, 70.000000, 21.000000
1696452388800, 665.000000, 220.000000, 70.000000, 21.000000,236.000000, 69.000000, 21.000000
1696452388849, 667.000000, 194.000000, 69.000000, 21.000000,227.000000, 70.000000, 21.000000
1696452388895, 662.000000, 219.000000, 69.000000, 21.000000,235.000000, 69.000000, 21.000000
1696452388947, 552.000000, 226.000000, 70.000000, 21.000000,236.000000, 70.000000, 21.000000
1696452388993, 678.000000, 229.000000, 70.000000, 21.000000,236.000000, 70.000000, 21.000000
1696452389043, 662.000000, 227.000000, 69.000000, 21.000000,236.000000, 69.000000, 21.000000
1696452389094, 672.000000, 227.000000, 69.000000, 21.000000,236.000000, 70.000000, 21.000000
1696452389144, 634.000000, 229.000000, 69.000000, 21.000000,236.000000, 69.000000, 21.000000
1696452389192, 585.000000, 102.000000, 70.000000, 21.000000,100.000000, 70.000000, 22.000000
1696452389255, 402.000000, 99.000000, 70.000000, 21.000000,89.000000, 70.000000, 21.000000
1696452389330, 396.000000, 96.000000, 69.000000, 21.000000,88.000000, 69.000000, 21.000000
1696452389375, 401.000000, 95.000000, 69.000000, 21.000000,87.000000, 70.000000, 22.000000
1696452389427, 398.000000, 92.000000, 69.000000, 21.000000,93.000000, 70.000000, 22.000000
1696452389488, 407.000000, 101.000000, 69.000000, 24.000000,90.000000, 69.000000, 21.000000
1696452389573, 406.000000, 102.000000, 70.000000, 21.000000,87.000000, 70.000000, 21.000000
1696452389605, 477.000000, 95.000000, 100.000000, 21.000000,94.000000, 103.000000, 22.000000
1696452389638, 471.000000, 97.000000, 101.000000, 21.000000,94.000000, 99.000000, 21.000000
1696452389675, 458.000000, 93.000000, 101.000000, 21.000000,83.000000, 100.000000, 21.000000
1696452389728, 456.000000, 78.000000, 101.000000, 21.000000,92.000000, 100.000000, 21.000000
1696452389784, 450.000000, 78.000000, 101.000000, 21.000000,92.000000, 100.000000, 21.000000
1696452389826, 451.000000, 82.000000, 101.000000, 21.000000,84.000000, 100.000000, 21.000000
1696452389865, 444.000000, 78.000000, 102.000000, 21.000000,82.000000, 100.000000, 21.000000
1696452389915, 437.000000, 74.000000, 101.000000, 21.000000,81.000000, 100.000000, 21.000000
1696452389965, 440.000000, 74.000000, 102.000000, 21.000000,81.000000, 100.000000, 21.000000
1696452390015, 440.000000, 73.000000, 101.000000, 20.000000,80.000000, 100.000000, 21.000000
1696452390066, 441.000000, 70.000000, 102.000000, 20.000000,79.000000, 99.000000, 20.000000
1696452390116, 438.000000, 74.000000, 102.000000, 21.000000,83.000000, 100.000000, 22.000000
1696452390165, 436.000000, 72.000000, 101.000000, 20.000000,80.000000, 100.000000, 21.000000
1696452390215, 445.000000, 80.000000, 102.000000, 21.000000,81.000000, 100.000000, 21.000000
1696452390266, 444.000000, 81.000000, 102.000000, 21.000000,80.000000, 102.000000, 22.000000
1696452390315, 444.000000, 80.000000, 103.000000, 21.000000,80.000000, 100.000000, 21.000000
1696452390365, 442.000000, 81.000000, 102.000000, 21.000000,79.000000, 100.000000, 21.000000
1696452390415, 444.000000, 79.000000, 102.000000, 21.000000,81.000000, 100.000000, 21.000000
1696452390466, 442.000000, 81.000000, 102.000000, 21.000000,82.000000, 101.000000, 21.000000
1696452390515, 440.000000, 72.000000, 102.000000, 21.000000,80.000000, 100.000000, 21.000000
1696452390565, 440.000000, 74.000000, 103.000000, 21.000000,87.000000, 101.000000, 22.000000
1696452390615, 440.000000, 71.000000, 102.000000, 20.000000,80.000000, 100.000000, 21.000000
1696452390665, 438.000000, 72.000000, 102.000000, 21.000000,81.000000, 100.000000, 21.000000
1696452390715, 440.000000, 73.000000, 102.000000, 21.000000,81.000000, 101.000000, 21.000000
1696452390765, 440.000000, 72.000000, 102.000000, 21.000000,81.000000, 101.000000, 21.000000
1696452390796, 443.000000, 73.000000, 102.000000, 21.000000,83.000000, 100.000000, 21.000000
