Timestamp (ms),Node Power (W),Socket 0 CPU Power (W),Socket 0 GPU Power (W),Socket 0 Mem Power (W),Socket 1 CPU Power (W),Socket 1 GPU Power (W),Socket 1 Mem Power (W)
1696452338882, 505.000000, 135.000000, 74.000000, 22.000000,127.000000, 73.000000, 22.000000
1696452338913, 491.000000, 106.000000, 72.000000, 21.000000,126.000000, 73.000000, 21.000000
1696452338964, 495.000000, 120.000000, 73.000000, 24.000000,127.000000, 73.000000, 22.000000
1696452339014, 474.000000, 114.000000, 73.000000, 23.000000,123.000000, 73.000000, 22.000000
1696452339063, 503.000000, 118.000000, 72.000000, 21.000000,126.000000, 73.000000, 21.000000
1696452339112, 480.000000, 109.000000, 73.000000, 21.000000,112.000000, 73.000000, 21.000000
1696452339165, 495.000000, 125.000000, 72.000000, 21.000000,118.000000, 73.000000, 21.000000
1696452339213, 494.000000, 123.000000, 73.000000, 21.000000,119.000000, 73.000000, 21.000000
1696452339262, 485.000000, 111.000000, 72.000000, 22.000000,106.000000, 73.000000, 21.000000
1696452339312, 489.000000, 119.000000, 73.000000, 21.000000,115.000000, 73.000000, 20.000000
1696452339364, 488.000000, 123.000000, 73.000000, 21.000000,116.000000, 73.000000, 21.000000
1696452339412, 485.000000, 119.000000, 73.000000, 21.000000,114.000000, 73.000000, 21.000000
1696452339481, 480.000000, 114.000000, 72.000000, 21.000000,112.000000, 73.000000, 21.000000
1696452339531, 704.000000, 233.000000, 72.000000, 21.000000,216.000000, 72.000000, 20.000000
1696452339575, 666.000000, 220.000000, 72.000000, 21.000000,200.000000, 72.000000, 20.000000
1696452339621, 501.000000, 119.000000, 73.000000, 21.000000,120.000000, 73.000000, 21.000000
1696452339672, 713.000000, 243.000000, 72.000000, 22.000000,226.000000, 72.000000, 21.000000
1696452339712, 702.000000, 242.000000, 72.000000, 22.000000,226.000000, 72.000000, 21.000000
1696452339765, 484.000000, 115.000000, 72.000000, 21.000000,106.000000, 73.000000, 21.000000
1696452339830, 471.000000, 116.000000, 72.000000, 21.000000,110.000000, 73.000000, 20.000000
1696452339873, 713.000000, 241.000000, 73.000000, 21.000000,229.000000, 73.000000, 21.000000
1696452339942, 616.000000, 244.000000, 72.000000, 21.000000,229.000000, 72.000000, 21.000000
1696452339991, 717.000000, 246.000000, 73.000000, 21.000000,237.000000, 73.000000, 22.000000
1696452340043, 717.000000, 247.000000, 72.000000, 21.000000,239.000000, 73.000000, 21.000000
1696452340092, 536.000000, 112.000000, 73.000000, 21.000000,109.000000, 72.000000, 21.000000
1696452340124, 536.000000, 112.000000, 73.000000, 21.000000,109.000000, 72.000000, 21.000000
1696452340173, 730.000000, 245.000000, 72.000000, 21.000000,239.000000, 73.000000, 20.000000
1696452340223, 693.000000, 247.000000, 73.000000, 21.000000,238.000000, 72.000000, 21.000000
1696452340282, 726.000000, 202.000000, 73.000000, 21.000000,191.000000, 74.000000, 21.000000
1696452340320, 717.000000, 246.000000, 72.000000, 21.000000,231.000000, 72.000000, 20.000000
1696452340370, 718.000000, 195.000000, 72.000000, 21.000000,128.000000, 73.000000, 21.000000
1696452340420, 702.000000, 246.000000, 72.000000, 21.000000,229.000000, 73.000000, 20.000000
1696452340491, 719.000000, 247.000000, 72.000000, 21.000000,232.000000, 73.000000, 21.000000
1696452340561, 695.000000, 247.000000, 72.000000, 21.000000,231.000000, 72.000000, 21.000000
1696452340612, 715.000000, 247.000000, 72.000000, 21.000000,231.000000, 73.000000, 21.000000
1696452340681, 675.000000, 245.000000, 72.000000, 21.000000,230.000000, 72.000000, 21.000000
1696452340731, 717.000000, 246.000000, 72.000000, 21.000000,231.000000, 73.000000, 20.000000
1696452340800, 706.000000, 246.000000, 72.000000, 21.000000,232.000000, 73.000000, 21.000000
1696452340849, 721.000000, 247.000000, 72.000000, 21.000000,232.000000, 73.000000, 20.000000
1696452340881, 721.000000, 247.000000, 72.000000, 21.000000,232.000000, 73.000000, 20.000000
1696452340929, 720.000000, 158.000000, 73.000000, 21.000000,141.000000, 72.000000, 21.000000
1696452340978, 717.000000, 247.000000, 72.000000, 21.000000,232.000000, 72.000000, 20.000000
1696452341028, 525.000000, 113.000000, 72.000000, 21.000000,102.000000, 73.000000, 20.000000
1696452341076, 722.000000, 247.000000, 73.000000, 21.000000,229.000000, 72.000000, 20.000000
1696452341138, 629.000000, 134.000000, 72.000000, 21.000000,99.000000, 73.000000, 20.000000
1696452341189, 719.000000, 247.000000, 73.000000, 21.000000,233.000000, 72.000000, 20.000000
1696452341226, 664.000000, 247.000000, 72.000000, 21.000000,232.000000, 72.000000, 20.000000
1696452341292, 726.000000, 248.000000, 73.000000, 21.000000,239.000000, 72.000000, 20.000000
1696452341323, 726.000000, 248.000000, 73.000000, 21.000000,239.000000, 72.000000, 20.000000
1696452341392, 728.000000, 247.000000, 72.000000, 21.000000,240.000000, 72.000000, 21.000000
1696452341441, 717.000000, 248.000000, 73.000000, 21.000000,239.000000, 72.000000, 21.000000
1696452341473, 541.000000, 114.000000, 73.000000, 21.000000,110.000000, 73.000000, 21.000000
1696452341542, 704.000000, 247.000000, 73.000000, 21.000000,239.000000, 72.000000, 20.000000
1696452341591, 726.000000, 121.000000, 73.000000, 21.000000,106.000000, 73.000000, 21.000000
1696452341623, 699.000000, 248.000000, 72.000000, 21.000000,230.000000, 72.000000, 21.000000
1696452341691, 722.000000, 249.000000, 73.000000, 21.000000,232.000000, 73.000000, 21.000000
1696452341742, 693.000000, 247.000000, 72.000000, 21.000000,230.000000, 72.000000, 20.000000
1696452341812, 722.000000, 249.000000, 73.000000, 21.000000,231.000000, 73.000000, 21.000000
1696452341862, 688.000000, 246.000000, 72.000000, 21.000000,231.000000, 72.000000, 21.000000
1696452341913, 558.000000, 117.000000, 73.000000, 21.000000,101.000000, 73.000000, 21.000000
1696452341981, 695.000000, 248.000000, 72.000000, 21.000000,229.000000, 72.000000, 20.000000
1696452342030, 680.000000, 108.000000, 72.000000, 21.000000,98.000000, 72.000000, 20.000000
1696452342083, 717.000000, 246.000000, 73.000000, 20.000000,231.000000, 72.000000, 20.000000
1696452342135, 715.000000, 246.000000, 73.000000, 21.000000,231.000000, 72.000000, 20.000000
1696452342167, 715.000000, 246.000000, 73.000000, 21.000000,231.000000, 72.000000, 20.000000
1696452342218, 715.000000, 245.000000, 72.000000, 22.000000,231.000000, 73.000000, 20.000000
1696452342272, 699.000000, 247.000000, 72.000000, 21.000000,231.000000, 72.000000, 20.000000
1696452342313, 640.000000, 115.000000, 72.000000, 21.000000,102.000000, 72.000000, 21.000000
1696452342365, 713.000000, 246.000000, 73.000000, 21.000000,230.000000, 73.000000, 21.000000
1696452342430, 719.000000, 247.000000, 72.000000, 21.000000,231.000000, 72.000000, 20.000000
1696452342478, 697.000000, 245.000000, 72.000000, 21.000000,231.000000, 72.000000, 20.000000
1696452342513, 596.000000, 114.000000, 72.000000, 21.000000,101.000000, 73.000000, 20.000000
1696452342582, 715.000000, 247.000000, 72.000000, 21.000000,239.000000, 73.000000, 20.000000
1696452342628, 726.000000, 244.000000, 72.000000, 21.000000,238.000000, 72.000000, 20.000000
1696452342667, 704.000000, 247.000000, 72.000000, 21.000000,238.000000, 72.000000, 20.000000
1696452342759, 726.000000, 248.000000, 72.000000, 21.000000,243.000000, 73.000000, 21.000000
1696452342813, 700.000000, 123.000000, 72.000000, 21.000000,110.000000, 74.000000, 21.000000
1696452342880, 717.000000, 249.000000, 72.000000, 21.000000,232.000000, 73.000000, 20.000000
1696452342911, 633.000000, 247.000000, 73.000000, 21.000000,231.000000, 72.000000, 20.000000
1696452342982, 715.000000, 247.000000, 72.000000, 21.000000,231.000000, 73.000000, 20.000000
1696452343034, 591.000000, 178.000000, 72.000000, 21.000000,230.000000, 72.000000, 20.000000
1696452343082, 726.000000, 246.000000, 72.000000, 21.000000,231.000000, 73.000000, 20.000000
1696452343128, 681.000000, 249.000000, 72.000000, 21.000000,228.000000, 73.000000, 20.000000
1696452343192, 722.000000, 244.000000, 72.000000, 21.000000,221.000000, 72.000000, 21.000000
1696452343248, 536.000000, 250.000000, 72.000000, 21.000000,231.000000, 74.000000, 21.000000
1696452343281, 719.000000, 247.000000, 72.000000, 21.000000,237.000000, 72.000000, 20.000000
1696452343327, 699.000000, 249.000000, 72.000000, 21.000000,231.000000, 72.000000, 21.000000
1696452343380, 719.000000, 247.000000, 72.000000, 22.000000,234.000000, 72.000000, 21.000000
1696452343430, 677.000000, 248.000000, 72.000000, 21.000000,231.000000, 72.000000, 20.000000
1696452343476, 644.000000, 183.000000, 72.000000, 21.000000,102.000000, 74.000000, 21.000000
1696452343525, 719.000000, 248.000000, 72.000000, 21.000000,233.000000, 72.000000, 21.000000
1696452343582, 726.000000, 209.000000, 72.000000, 21.000000,174.000000, 73.000000, 20.000000
1696452343634, 713.000000, 244.000000, 72.000000, 21.000000,233.000000, 72.000000, 20.000000
1696452343674, 571.000000, 247.000000, 72.000000, 21.000000,232.000000, 72.000000, 21.000000
1696452343723, 721.000000, 249.000000, 72.000000, 21.000000,233.000000, 73.000000, 20.000000
1696452343773, 642.000000, 120.000000, 73.000000, 21.000000,103.000000, 73.000000, 21.000000
1696452343838, 719.000000, 248.000000, 72.000000, 21.000000,232.000000, 72.000000, 21.000000
1696452343890, 686.000000, 247.000000, 72.000000, 21.000000,239.000000, 72.000000, 21.000000
1696452343922, 729.000000, 134.000000, 72.000000, 21.000000,133.000000, 72.000000, 21.000000
1696452343969, 723.000000, 248.000000, 73.000000, 21.000000,239.000000, 73.000000, 20.000000
1696452344030, 730.000000, 247.000000, 73.000000, 21.000000,242.000000, 72.000000, 20.000000
1696452344064, 726.000000, 248.000000, 73.000000, 21.000000,240.000000, 72.000000, 23.000000
1696452344115, 633.000000, 246.000000, 73.000000, 21.000000,240.000000, 72.000000, 21.000000
1696452344178, 693.000000, 248.000000, 73.000000, 21.000000,231.000000, 73.000000, 20.000000
1696452344232, 541.000000, 118.000000, 72.000000, 21.000000,106.000000, 72.000000, 21.000000
1696452344281, 724.000000, 248.000000, 72.000000, 21.000000,233.000000, 72.000000, 21.000000
1696452344313, 697.000000, 248.000000, 73.000000, 21.000000,232.000000, 73.000000, 21.000000
1696452344380, 713.000000, 248.000000, 72.000000, 21.000000,232.000000, 72.000000, 20.000000
1696452344413, 545.000000, 118.000000, 72.000000, 21.000000,101.000000, 73.000000, 21.000000
1696452344482, 719.000000, 248.000000, 72.000000, 21.000000,233.000000, 72.000000, 20.000000
1696452344551, 624.000000, 247.000000, 73.000000, 21.000000,231.000000, 73.000000, 21.000000
1696452344583, 715.000000, 248.000000, 72.000000, 21.000000,231.000000, 72.000000, 20.000000
1696452344650, 653.000000, 248.000000, 72.000000, 21.000000,232.000000, 72.000000, 20.000000
1696452344681, 724.000000, 218.000000, 74.000000, 21.000000,161.000000, 73.000000, 21.000000
1696452344727, 711.000000, 249.000000, 72.000000, 21.000000,231.000000, 72.000000, 20.000000
1696452344778, 726.000000, 248.000000, 72.000000, 21.000000,232.000000, 73.000000, 20.000000
1696452344830, 686.000000, 248.000000, 72.000000, 21.000000,233.000000, 72.000000, 21.000000
1696452344879, 687.000000, 113.000000, 72.000000, 21.000000,101.000000, 72.000000, 20.000000
1696452344929, 722.000000, 247.000000, 72.000000, 21.000000,231.000000, 73.000000, 20.000000
1696452344976, 693.000000, 129.000000, 73.000000, 21.000000,108.000000, 73.000000, 21.000000
1696452345025, 717.000000, 248.000000, 73.000000, 21.000000,232.000000, 74.000000, 21.000000
1696452345076, 505.000000, 240.000000, 73.000000, 22.000000,222.000000, 74.000000, 22.000000
1696452345139, 717.000000, 249.000000, 73.000000, 21.000000,239.000000, 74.000000, 20.000000
1696452345173, 717.000000, 249.000000, 73.000000, 21.000000,239.000000, 74.000000, 20.000000
1696452345241, 730.000000, 248.000000, 72.000000, 21.000000,239.000000, 72.000000, 21.000000
1696452345291, 708.000000, 248.000000, 72.000000, 21.000000,240.000000, 74.000000, 21.000000
1696452345322, 623.000000, 113.000000, 72.000000, 21.000000,110.000000, 73.000000, 20.000000
1696452345390, 666.000000, 247.000000, 73.000000, 21.000000,240.000000, 74.000000, 21.000000
1696452345440, 726.000000, 247.000000, 72.000000, 21.000000,234.000000, 73.000000, 20.000000
1696452345472, 704.000000, 247.000000, 73.000000, 21.000000,233.000000, 73.000000, 20.000000
1696452345543, 724.000000, 249.000000, 72.000000, 21.000000,233.000000, 73.000000, 21.000000
1696452345594, 691.000000, 248.000000, 73.000000, 21.000000,233.000000, 72.000000, 21.000000
1696452345669, 724.000000, 248.000000, 72.000000, 21.000000,235.000000, 74.000000, 20.000000
1696452345713, 677.000000, 245.000000, 73.000000, 21.000000,232.000000, 72.000000, 21.000000
1696452345759, 680.000000, 176.000000, 72.000000, 21.000000,101.000000, 73.000000, 21.000000
1696452345811, 724.000000, 248.000000, 72.000000, 21.000000,231.000000, 73.000000, 20.000000
1696452345882, 724.000000, 247.000000, 72.000000, 21.000000,231.000000, 72.000000, 20.000000
1696452345951, 644.000000, 248.000000, 72.000000, 21.000000,230.000000, 72.000000, 20.000000
1696452346002, 726.000000, 156.000000, 73.000000, 21.000000,185.000000, 72.000000, 20.000000
1696452346052, 722.000000, 249.000000, 72.000000, 21.000000,234.000000, 73.000000, 21.000000
1696452346121, 722.000000, 248.000000, 72.000000, 21.000000,232.000000, 72.000000, 21.000000
1696452346170, 704.000000, 248.000000, 72.000000, 21.000000,232.000000, 73.000000, 21.000000
1696452346221, 722.000000, 249.000000, 72.000000, 21.000000,232.000000, 72.000000, 21.000000
1696452346271, 664.000000, 248.000000, 72.000000, 21.000000,230.000000, 72.000000, 20.000000
1696452346304, 719.000000, 245.000000, 72.000000, 21.000000,231.000000, 72.000000, 21.000000
1696452346352, 711.000000, 249.000000, 72.000000, 21.000000,237.000000, 72.000000, 20.000000
1696452346403, 556.000000, 118.000000, 73.000000, 21.000000,101.000000, 73.000000, 21.000000
1696452346454, 719.000000, 249.000000, 72.000000, 21.000000,238.000000, 72.000000, 20.000000
1696452346520, 730.000000, 249.000000, 72.000000, 21.000000,240.000000, 72.000000, 20.000000
1696452346553, 704.000000, 250.000000, 73.000000, 21.000000,245.000000, 72.000000, 21.000000
1696452346598, 658.000000, 114.000000, 72.000000, 21.000000,109.000000, 73.000000, 21.000000
1696452346648, 732.000000, 249.000000, 72.000000, 21.000000,241.000000, 72.000000, 21.000000
1696452346699, 724.000000, 211.000000, 72.000000, 21.000000,152.000000, 72.000000, 21.000000
1696452346749, 717.000000, 247.000000, 72.000000, 21.000000,233.000000, 72.000000, 20.000000
1696452346797, 609.000000, 247.000000, 72.000000, 21.000000,233.000000, 73.000000, 21.000000
1696452346843, 724.000000, 248.000000, 72.000000, 21.000000,231.000000, 72.000000, 20.000000
1696452346895, 715.000000, 246.000000, 72.000000, 21.000000,231.000000, 72.000000, 20.000000
1696452346945, 722.000000, 248.000000, 72.000000, 21.000000,233.000000, 72.000000, 21.000000
1696452346995, 675.000000, 248.000000, 73.000000, 21.000000,231.000000, 72.000000, 20.000000
1696452347045, 678.000000, 177.000000, 72.000000, 21.000000,99.000000, 73.000000, 20.000000
1696452347111, 659.000000, 247.000000, 72.000000, 21.000000,233.000000, 73.000000, 21.000000
1696452347144, 721.000000, 244.000000, 72.000000, 21.000000,231.000000, 73.000000, 21.000000
1696452347192, 710.000000, 249.000000, 72.000000, 21.000000,231.000000, 73.000000, 20.000000
1696452347262, 719.000000, 247.000000, 72.000000, 21.000000,230.000000, 73.000000, 20.000000
1696452347294, 719.000000, 247.000000, 72.000000, 21.000000,230.000000, 73.000000, 20.000000
1696452347360, 722.000000, 249.000000, 73.000000, 21.000000,232.000000, 73.000000, 21.000000
1696452347391, 717.000000, 248.000000, 72.000000, 21.000000,231.000000, 73.000000, 20.000000
1696452347453, 626.000000, 245.000000, 72.000000, 21.000000,231.000000, 72.000000, 20.000000
1696452347489, 719.000000, 248.000000, 73.000000, 21.000000,231.000000, 72.000000, 20.000000
1696452347538, 708.000000, 248.000000, 72.000000, 21.000000,101.000000, 73.000000, 21.000000
1696452347588, 719.000000, 249.000000, 73.000000, 21.000000,233.000000, 72.000000, 20.000000
1696452347634, 693.000000, 248.000000, 72.000000, 21.000000,232.000000, 73.000000, 20.000000
1696452347701, 723.000000, 247.000000, 73.000000, 21.000000,239.000000, 72.000000, 20.000000
1696452347733, 723.000000, 247.000000, 73.000000, 21.000000,239.000000, 72.000000, 20.000000
1696452347784, 728.000000, 247.000000, 73.000000, 21.000000,239.000000, 72.000000, 20.000000
1696452347834, 715.000000, 248.000000, 73.000000, 21.000000,239.000000, 72.000000, 20.000000
1696452347900, 733.000000, 250.000000, 73.000000, 21.000000,241.000000, 72.000000, 21.000000
1696452347932, 733.000000, 250.000000, 73.000000, 21.000000,241.000000, 72.000000, 21.000000
1696452347999, 724.000000, 214.000000, 72.000000, 21.000000,147.000000, 74.000000, 21.000000
1696452348035, 704.000000, 248.000000, 72.000000, 21.000000,232.000000, 72.000000, 21.000000
1696452348082, 569.000000, 247.000000, 73.000000, 21.000000,232.000000, 73.000000, 20.000000
1696452348150, 692.000000, 248.000000, 72.000000, 21.000000,230.000000, 72.000000, 20.000000
1696452348182, 602.000000, 119.000000, 73.000000, 21.000000,99.000000, 73.000000, 21.000000
1696452348253, 715.000000, 248.000000, 72.000000, 21.000000,231.000000, 75.000000, 21.000000
1696452348303, 723.000000, 249.000000, 72.000000, 21.000000,231.000000, 72.000000, 20.000000
1696452348354, 713.000000, 248.000000, 72.000000, 21.000000,231.000000, 75.000000, 20.000000
1696452348399, 629.000000, 247.000000, 72.000000, 21.000000,231.000000, 72.000000, 21.000000
1696452348449, 723.000000, 248.000000, 72.000000, 21.000000,230.000000, 73.000000, 20.000000
1696452348499, 715.000000, 248.000000, 72.000000, 21.000000,231.000000, 74.000000, 20.000000
1696452348548, 719.000000, 250.000000, 72.000000, 22.000000,231.000000, 72.000000, 20.000000
1696452348600, 668.000000, 250.000000, 73.000000, 21.000000,232.000000, 74.000000, 21.000000
1696452348653, 624.000000, 157.000000, 73.000000, 21.000000,100.000000, 72.000000, 21.000000
1696452348695, 717.000000, 250.000000, 72.000000, 21.000000,227.000000, 72.000000, 21.000000
1696452348745, 724.000000, 237.000000, 73.000000, 21.000000,210.000000, 72.000000, 21.000000
1696452348796, 712.000000, 249.000000, 72.000000, 21.000000,231.000000, 72.000000, 20.000000
1696452348843, 602.000000, 248.000000, 72.000000, 21.000000,233.000000, 73.000000, 21.000000
1696452348912, 711.000000, 248.000000, 72.000000, 21.000000,231.000000, 72.000000, 20.000000
1696452348943, 525.000000, 119.000000, 72.000000, 21.000000,99.000000, 74.000000, 21.000000
1696452348989, 728.000000, 247.000000, 73.000000, 21.000000,239.000000, 72.000000, 20.000000
1696452349040, 520.000000, 180.000000, 73.000000, 22.000000,173.000000, 73.000000, 21.000000
1696452349091, 730.000000, 248.000000, 73.000000, 21.000000,239.000000, 74.000000, 20.000000
1696452349160, 580.000000, 122.000000, 73.000000, 21.000000,108.000000, 73.000000, 21.000000
1696452349193, 732.000000, 249.000000, 72.000000, 21.000000,242.000000, 74.000000, 20.000000
1696452349239, 693.000000, 248.000000, 73.000000, 21.000000,241.000000, 72.000000, 21.000000
1696452349289, 726.000000, 249.000000, 72.000000, 21.000000,233.000000, 72.000000, 20.000000
1696452349335, 721.000000, 248.000000, 72.000000, 21.000000,231.000000, 73.000000, 20.000000
1696452349400, 726.000000, 248.000000, 72.000000, 21.000000,238.000000, 72.000000, 20.000000
1696452349434, 717.000000, 247.000000, 72.000000, 21.000000,232.000000, 73.000000, 21.000000
1696452349481, 681.000000, 248.000000, 73.000000, 21.000000,233.000000, 72.000000, 20.000000
1696452349533, 722.000000, 248.000000, 72.000000, 21.000000,233.000000, 72.000000, 20.000000
1696452349602, 566.000000, 247.000000, 73.000000, 21.000000,230.000000, 73.000000, 21.000000
1696452349653, 719.000000, 248.000000, 72.000000, 21.000000,231.000000, 72.000000, 20.000000
1696452349699, 712.000000, 248.000000, 72.000000, 21.000000,231.000000, 73.000000, 20.000000
1696452349742, 558.000000, 247.000000, 72.000000, 21.000000,231.000000, 72.000000, 20.000000
1696452349800, 582.000000, 248.000000, 73.000000, 21.000000,231.000000, 73.000000, 21.000000
1696452349851, 723.000000, 248.000000, 72.000000, 21.000000,233.000000, 73.000000, 20.000000
1696452349901, 699.000000, 249.000000, 73.000000, 21.000000,233.000000, 73.000000, 21.000000
1696452349951, 712.000000, 249.000000, 73.000000, 21.000000,232.000000, 73.000000, 20.000000
1696452349998, 519.000000, 121.000000, 73.000000, 21.000000,99.000000, 73.000000, 20.000000
1696452350032, 719.000000, 246.000000, 73.000000, 21.000000,231.000000, 73.000000, 20.000000
1696452350083, 673.000000, 248.000000, 73.000000, 21.000000,232.000000, 73.000000, 21.000000
1696452350129, 724.000000, 228.000000, 73.000000, 21.000000,178.000000, 72.000000, 21.000000
1696452350179, 713.000000, 249.000000, 73.000000, 21.000000,233.000000, 74.000000, 21.000000
1696452350228, 724.000000, 248.000000, 73.000000, 21.000000,234.000000, 72.000000, 21.000000
1696452350277, 708.000000, 248.000000, 73.000000, 21.000000,239.000000, 73.000000, 21.000000
1696452350338, 591.000000, 119.000000, 72.000000, 21.000000,108.000000, 73.000000, 21.000000
1696452350382, 728.000000, 250.000000, 73.000000, 21.000000,240.000000, 72.000000, 21.000000
1696452350423, 711.000000, 249.000000, 72.000000, 21.000000,246.000000, 73.000000, 22.000000
1696452350482, 730.000000, 249.000000, 72.000000, 21.000000,239.000000, 72.000000, 20.000000
1696452350532, 664.000000, 247.000000, 73.000000, 21.000000,241.000000, 74.000000, 20.000000
1696452350589, 706.000000, 249.000000, 73.000000, 21.000000,230.000000, 72.000000, 20.000000
1696452350622, 706.000000, 249.000000, 73.000000, 21.000000,230.000000, 72.000000, 20.000000
1696452350673, 724.000000, 248.000000, 73.000000, 21.000000,232.000000, 73.000000, 20.000000
1696452350723, 686.000000, 249.000000, 73.000000, 21.000000,231.000000, 72.000000, 20.000000
1696452350792, 721.000000, 250.000000, 73.000000, 21.000000,237.000000, 74.000000, 20.000000
1696452350870, 728.000000, 250.000000, 72.000000, 21.000000,235.000000, 74.000000, 20.000000
1696452350941, 704.000000, 249.000000, 72.000000, 21.000000,232.000000, 73.000000, 21.000000
1696452350993, 724.000000, 249.000000, 72.000000, 21.000000,231.000000, 73.000000, 20.000000
1696452351062, 668.000000, 248.000000, 73.000000, 21.000000,231.000000, 74.000000, 21.000000
1696452351113, 717.000000, 249.000000, 72.000000, 21.000000,232.000000, 73.000000, 20.000000
1696452351172, 669.000000, 249.000000, 72.000000, 21.000000,231.000000, 72.000000, 21.000000
1696452351222, 726.000000, 218.000000, 72.000000, 21.000000,161.000000, 72.000000, 20.000000
1696452351259, 713.000000, 248.000000, 72.000000, 21.000000,231.000000, 73.000000, 20.000000
1696452351309, 726.000000, 249.000000, 73.000000, 21.000000,232.000000, 72.000000, 20.000000
1696452351358, 708.000000, 249.000000, 72.000000, 21.000000,231.000000, 72.000000, 20.000000
1696452351408, 580.000000, 175.000000, 72.000000, 21.000000,231.000000, 73.000000, 20.000000
1696452351458, 724.000000, 250.000000, 73.000000, 21.000000,232.000000, 72.000000, 21.000000
1696452351508, 724.000000, 248.000000, 72.000000, 21.000000,231.000000, 73.000000, 20.000000
1696452351560, 721.000000, 248.000000, 73.000000, 21.000000,239.000000, 72.000000, 20.000000
1696452351605, 618.000000, 244.000000, 72.000000, 21.000000,239.000000, 72.000000, 21.000000
1696452351655, 733.000000, 250.000000, 72.000000, 21.000000,242.000000, 73.000000, 21.000000
1696452351705, 723.000000, 249.000000, 73.000000, 21.000000,238.000000, 72.000000, 20.000000
1696452351768, 728.000000, 248.000000, 72.000000, 21.000000,240.000000, 73.000000, 21.000000
1696452351806, 684.000000, 248.000000, 73.000000, 21.000000,240.000000, 73.000000, 20.000000
1696452351862, 722.000000, 192.000000, 73.000000, 22.000000,169.000000, 74.000000, 22.000000
1696452351918, 633.000000, 249.000000, 72.000000, 21.000000,230.000000, 73.000000, 20.000000
1696452351952, 722.000000, 249.000000, 72.000000, 21.000000,232.000000, 73.000000, 20.000000
1696452352003, 702.000000, 247.000000, 73.000000, 21.000000,233.000000, 72.000000, 20.000000
1696452352071, 722.000000, 248.000000, 72.000000, 21.000000,232.000000, 72.000000, 20.000000
1696452352102, 722.000000, 248.000000, 72.000000, 21.000000,232.000000, 72.000000, 20.000000
1696452352172, 719.000000, 249.000000, 73.000000, 21.000000,231.000000, 74.000000, 21.000000
1696452352203, 711.000000, 247.000000, 73.000000, 21.000000,230.000000, 73.000000, 21.000000
1696452352254, 673.000000, 116.000000, 73.000000, 21.000000,100.000000, 73.000000, 21.000000
1696452352304, 715.000000, 245.000000, 72.000000, 21.000000,230.000000, 73.000000, 20.000000
1696452352370, 724.000000, 248.000000, 73.000000, 21.000000,232.000000, 72.000000, 21.000000
1696452352401, 713.000000, 249.000000, 72.000000, 21.000000,232.000000, 74.000000, 21.000000
1696452352452, 534.000000, 120.000000, 72.000000, 21.000000,100.000000, 73.000000, 21.000000
1696452352502, 717.000000, 247.000000, 72.000000, 21.000000,231.000000, 72.000000, 20.000000
1696452352553, 728.000000, 248.000000, 73.000000, 21.000000,232.000000, 73.000000, 20.000000
1696452352599, 715.000000, 249.000000, 72.000000, 21.000000,231.000000, 73.000000, 20.000000
1696452352648, 564.000000, 249.000000, 72.000000, 21.000000,232.000000, 74.000000, 21.000000
1696452352698, 722.000000, 247.000000, 72.000000, 21.000000,233.000000, 72.000000, 21.000000
1696452352748, 697.000000, 248.000000, 73.000000, 21.000000,99.000000, 73.000000, 20.000000
1696452352798, 722.000000, 248.000000, 73.000000, 21.000000,232.000000, 72.000000, 21.000000
1696452352844, 704.000000, 249.000000, 73.000000, 21.000000,243.000000, 72.000000, 20.000000
1696452352910, 726.000000, 248.000000, 73.000000, 21.000000,239.000000, 73.000000, 20.000000
1696452352944, 726.000000, 248.000000, 73.000000, 21.000000,239.000000, 73.000000, 20.000000
1696452352994, 730.000000, 248.000000, 72.000000, 21.000000,240.000000, 72.000000, 20.000000
1696452353044, 715.000000, 250.000000, 72.000000, 21.000000,239.000000, 73.000000, 21.000000
1696452353092, 560.000000, 249.000000, 73.000000, 21.000000,238.000000, 73.000000, 21.000000
1696452353162, 713.000000, 248.000000, 72.000000, 21.000000,232.000000, 73.000000, 20.000000
1696452353222, 543.000000, 129.000000, 72.000000, 21.000000,107.000000, 72.000000, 20.000000
1696452353263, 719.000000, 248.000000, 72.000000, 21.000000,232.000000, 73.000000, 20.000000
1696452353310, 633.000000, 123.000000, 73.000000, 21.000000,100.000000, 73.000000, 21.000000
1696452353359, 717.000000, 250.000000, 73.000000, 21.000000,231.000000, 74.000000, 21.000000
1696452353409, 624.000000, 248.000000, 72.000000, 21.000000,231.000000, 73.000000, 20.000000
1696452353459, 722.000000, 249.000000, 73.000000, 21.000000,232.000000, 74.000000, 21.000000
1696452353509, 691.000000, 249.000000, 72.000000, 21.000000,230.000000, 73.000000, 20.000000
1696452353559, 724.000000, 248.000000, 72.000000, 21.000000,232.000000, 72.000000, 20.000000
1696452353605, 702.000000, 247.000000, 73.000000, 21.000000,231.000000, 72.000000, 20.000000
1696452353655, 585.000000, 124.000000, 72.000000, 21.000000,100.000000, 73.000000, 21.000000
1696452353687, 715.000000, 248.000000, 73.000000, 21.000000,232.000000, 72.000000, 20.000000
1696452353737, 684.000000, 118.000000, 72.000000, 20.000000,104.000000, 73.000000, 20.000000
1696452353787, 717.000000, 250.000000, 73.000000, 21.000000,230.000000, 72.000000, 21.000000
1696452353842, 730.000000, 249.000000, 72.000000, 21.000000,234.000000, 73.000000, 20.000000
1696452353884, 713.000000, 249.000000, 73.000000, 21.000000,232.000000, 73.000000, 21.000000
1696452353934, 582.000000, 176.000000, 72.000000, 21.000000,234.000000, 73.000000, 21.000000
1696452353981, 724.000000, 249.000000, 73.000000, 21.000000,233.000000, 73.000000, 20.000000
1696452354051, 591.000000, 125.000000, 72.000000, 21.000000,99.000000, 73.000000, 21.000000
1696452354102, 726.000000, 246.000000, 73.000000, 21.000000,231.000000, 73.000000, 20.000000
1696452354171, 711.000000, 126.000000, 72.000000, 21.000000,106.000000, 72.000000, 20.000000
1696452354218, 726.000000, 247.000000, 73.000000, 21.000000,239.000000, 73.000000, 20.000000
1696452354270, 704.000000, 248.000000, 72.000000, 21.000000,239.000000, 73.000000, 20.000000
1696452354302, 730.000000, 231.000000, 73.000000, 21.000000,189.000000, 73.000000, 21.000000
1696452354373, 591.000000, 129.000000, 73.000000, 21.000000,110.000000, 74.000000, 21.000000
1696452354424, 722.000000, 248.000000, 73.000000, 21.000000,233.000000, 72.000000, 20.000000
1696452354475, 722.000000, 206.000000, 74.000000, 22.000000,175.000000, 75.000000, 22.000000
1696452354524, 715.000000, 249.000000, 73.000000, 21.000000,234.000000, 72.000000, 21.000000
1696452354571, 651.000000, 245.000000, 72.000000, 21.000000,233.000000, 72.000000, 20.000000
1696452354623, 721.000000, 240.000000, 73.000000, 21.000000,223.000000, 73.000000, 20.000000
1696452354689, 633.000000, 184.000000, 72.000000, 21.000000,99.000000, 72.000000, 21.000000
1696452354725, 715.000000, 247.000000, 72.000000, 21.000000,232.000000, 73.000000, 20.000000
1696452354774, 582.000000, 211.000000, 72.000000, 21.000000,233.000000, 72.000000, 20.000000
1696452354824, 722.000000, 248.000000, 73.000000, 21.000000,231.000000, 72.000000, 20.000000
1696452354871, 712.000000, 248.000000, 73.000000, 21.000000,231.000000, 73.000000, 20.000000
1696452354932, 721.000000, 249.000000, 73.000000, 21.000000,231.000000, 72.000000, 20.000000
1696452354987, 715.000000, 248.000000, 73.000000, 21.000000,231.000000, 73.000000, 20.000000
1696452355019, 565.000000, 118.000000, 72.000000, 21.000000,99.000000, 73.000000, 20.000000
1696452355070, 715.000000, 248.000000, 73.000000, 21.000000,232.000000, 73.000000, 21.000000
1696452355117, 722.000000, 249.000000, 72.000000, 21.000000,233.000000, 72.000000, 20.000000
1696452355182, 713.000000, 250.000000, 73.000000, 21.000000,234.000000, 72.000000, 21.000000
1696452355219, 591.000000, 119.000000, 72.000000, 21.000000,100.000000, 73.000000, 21.000000
1696452355281, 691.000000, 248.000000, 73.000000, 21.000000,231.000000, 72.000000, 21.000000
1696452355329, 622.000000, 123.000000, 72.000000, 21.000000,101.000000, 73.000000, 21.000000
1696452355363, 719.000000, 249.000000, 73.000000, 21.000000,232.000000, 72.000000, 20.000000
1696452355414, 653.000000, 249.000000, 73.000000, 21.000000,239.000000, 73.000000, 20.000000
1696452355473, 728.000000, 249.000000, 72.000000, 21.000000,239.000000, 72.000000, 20.000000
1696452355522, 622.000000, 122.000000, 73.000000, 21.000000,106.000000, 73.000000, 21.000000
1696452355579, 723.000000, 248.000000, 72.000000, 21.000000,239.000000, 73.000000, 20.000000
1696452355622, 675.000000, 248.000000, 73.000000, 21.000000,239.000000, 73.000000, 21.000000
1696452355683, 717.000000, 248.000000, 72.000000, 21.000000,241.000000, 73.000000, 20.000000
1696452355734, 651.000000, 249.000000, 72.000000, 21.000000,240.000000, 72.000000, 21.000000
1696452355800, 717.000000, 248.000000, 73.000000, 21.000000,230.000000, 74.000000, 20.000000
1696452355852, 666.000000, 248.000000, 72.000000, 21.000000,230.000000, 73.000000, 21.000000
1696452355904, 647.000000, 118.000000, 73.000000, 20.000000,100.000000, 73.000000, 20.000000
1696452355949, 711.000000, 250.000000, 72.000000, 21.000000,231.000000, 74.000000, 21.000000
1696452355999, 719.000000, 250.000000, 73.000000, 21.000000,231.000000, 73.000000, 21.000000
1696452356049, 708.000000, 248.000000, 73.000000, 21.000000,231.000000, 74.000000, 21.000000
1696452356099, 556.000000, 125.000000, 72.000000, 21.000000,104.000000, 72.000000, 20.000000
1696452356149, 722.000000, 249.000000, 73.000000, 21.000000,233.000000, 73.000000, 21.000000
1696452356198, 724.000000, 249.000000, 73.000000, 21.000000,230.000000, 73.000000, 21.000000
1696452356261, 708.000000, 248.000000, 73.000000, 21.000000,231.000000, 73.000000, 21.000000
1696452356294, 671.000000, 247.000000, 73.000000, 21.000000,231.000000, 73.000000, 20.000000
1696452356344, 726.000000, 249.000000, 73.000000, 21.000000,231.000000, 73.000000, 20.000000
1696452356392, 711.000000, 248.000000, 73.000000, 21.000000,230.000000, 73.000000, 20.000000
1696452356444, 721.000000, 248.000000, 73.000000, 21.000000,232.000000, 73.000000, 20.000000
1696452356491, 702.000000, 249.000000, 73.000000, 21.000000,230.000000, 73.000000, 20.000000
1696452356562, 721.000000, 249.000000, 73.000000, 21.000000,232.000000, 73.000000, 20.000000
1696452356633, 688.000000, 247.000000, 73.000000, 21.000000,231.000000, 73.000000, 20.000000
1696452356682, 721.000000, 249.000000, 72.000000, 21.000000,234.000000, 73.000000, 20.000000
1696452356742, 706.000000, 249.000000, 73.000000, 21.000000,238.000000, 73.000000, 20.000000
1696452356792, 693.000000, 127.000000, 72.000000, 21.000000,107.000000, 73.000000, 21.000000
1696452356833, 717.000000, 248.000000, 72.000000, 21.000000,238.000000, 73.000000, 20.000000
1696452356902, 728.000000, 249.000000, 73.000000, 21.000000,240.000000, 73.000000, 21.000000
1696452356952, 717.000000, 248.000000, 72.000000, 21.000000,241.000000, 72.000000, 20.000000
1696452357004, 721.000000, 248.000000, 72.000000, 21.000000,232.000000, 72.000000, 20.000000
1696452357062, 708.000000, 247.000000, 72.000000, 21.000000,232.000000, 72.000000, 20.000000
1696452357099, 560.000000, 247.000000, 73.000000, 21.000000,230.000000, 73.000000, 20.000000
1696452357150, 717.000000, 248.000000, 72.000000, 21.000000,229.000000, 73.000000, 20.000000
1696452357202, 726.000000, 247.000000, 73.000000, 21.000000,231.000000, 73.000000, 20.000000
1696452357272, 706.000000, 249.000000, 73.000000, 21.000000,233.000000, 72.000000, 20.000000
1696452357321, 721.000000, 248.000000, 73.000000, 21.000000,232.000000, 73.000000, 20.000000
1696452357371, 675.000000, 247.000000, 73.000000, 21.000000,231.000000, 73.000000, 20.000000
1696452357404, 724.000000, 246.000000, 73.000000, 21.000000,233.000000, 72.000000, 21.000000
1696452357470, 713.000000, 248.000000, 73.000000, 21.000000,231.000000, 72.000000, 21.000000
1696452357502, 565.000000, 250.000000, 73.000000, 21.000000,232.000000, 72.000000, 21.000000
1696452357573, 706.000000, 249.000000, 73.000000, 21.000000,231.000000, 72.000000, 21.000000
1696452357624, 583.000000, 118.000000, 73.000000, 21.000000,101.000000, 73.000000, 21.000000
1696452357673, 717.000000, 247.000000, 72.000000, 21.000000,230.000000, 72.000000, 20.000000
1696452357719, 726.000000, 205.000000, 74.000000, 22.000000,156.000000, 73.000000, 21.000000
1696452357770, 717.000000, 248.000000, 73.000000, 21.000000,232.000000, 73.000000, 20.000000
1696452357832, 594.000000, 177.000000, 73.000000, 21.000000,234.000000, 73.000000, 21.000000
1696452357865, 726.000000, 250.000000, 73.000000, 21.000000,235.000000, 73.000000, 21.000000
1696452357936, 644.000000, 249.000000, 73.000000, 21.000000,232.000000, 72.000000, 20.000000
1696452357987, 722.000000, 249.000000, 73.000000, 21.000000,232.000000, 72.000000, 21.000000
1696452358051, 642.000000, 249.000000, 72.000000, 21.000000,240.000000, 72.000000, 21.000000
1696452358083, 728.000000, 246.000000, 73.000000, 21.000000,240.000000, 73.000000, 21.000000
1696452358134, 704.000000, 249.000000, 73.000000, 21.000000,240.000000, 72.000000, 22.000000
1696452358179, 587.000000, 247.000000, 72.000000, 21.000000,238.000000, 72.000000, 20.000000
1696452358229, 733.000000, 248.000000, 73.000000, 21.000000,242.000000, 73.000000, 21.000000
1696452358278, 713.000000, 249.000000, 73.000000, 21.000000,240.000000, 73.000000, 20.000000
1696452358327, 722.000000, 249.000000, 73.000000, 21.000000,231.000000, 73.000000, 21.000000
1696452358379, 556.000000, 248.000000, 73.000000, 22.000000,232.000000, 73.000000, 21.000000
1696452358428, 717.000000, 249.000000, 72.000000, 21.000000,231.000000, 72.000000, 20.000000
1696452358476, 715.000000, 250.000000, 73.000000, 21.000000,231.000000, 73.000000, 21.000000
1696452358525, 717.000000, 248.000000, 73.000000, 21.000000,231.000000, 72.000000, 20.000000
1696452358574, 699.000000, 247.000000, 73.000000, 21.000000,232.000000, 73.000000, 21.000000
1696452358624, 542.000000, 193.000000, 74.000000, 23.000000,178.000000, 76.000000, 22.000000
1696452358682, 653.000000, 249.000000, 73.000000, 21.000000,232.000000, 73.000000, 21.000000
1696452358739, 678.000000, 123.000000, 73.000000, 21.000000,99.000000, 75.000000, 21.000000
1696452358771, 719.000000, 250.000000, 73.000000, 21.000000,233.000000, 73.000000, 20.000000
1696452358823, 589.000000, 248.000000, 73.000000, 21.000000,233.000000, 73.000000, 20.000000
1696452358873, 726.000000, 249.000000, 73.000000, 21.000000,232.000000, 73.000000, 21.000000
1696452358941, 666.000000, 176.000000, 74.000000, 21.000000,99.000000, 73.000000, 21.000000
1696452358991, 724.000000, 248.000000, 73.000000, 21.000000,233.000000, 73.000000, 20.000000
1696452359041, 721.000000, 249.000000, 74.000000, 21.000000,230.000000, 73.000000, 21.000000
1696452359090, 702.000000, 247.000000, 73.000000, 21.000000,231.000000, 72.000000, 21.000000
1696452359125, 721.000000, 251.000000, 73.000000, 21.000000,233.000000, 73.000000, 21.000000
1696452359174, 715.000000, 255.000000, 74.000000, 21.000000,232.000000, 73.000000, 21.000000
1696452359224, 600.000000, 178.000000, 72.000000, 21.000000,233.000000, 73.000000, 20.000000
1696452359271, 722.000000, 251.000000, 72.000000, 21.000000,231.000000, 72.000000, 20.000000
1696452359320, 719.000000, 250.000000, 73.000000, 21.000000,240.000000, 74.000000, 21.000000
1696452359390, 728.000000, 249.000000, 73.000000, 21.000000,241.000000, 73.000000, 21.000000
1696452359442, 589.000000, 125.000000, 73.000000, 21.000000,109.000000, 73.000000, 21.000000
1696452359488, 733.000000, 249.000000, 72.000000, 21.000000,242.000000, 72.000000, 21.000000
1696452359538, 684.000000, 249.000000, 73.000000, 21.000000,240.000000, 74.000000, 21.000000
1696452359590, 726.000000, 215.000000, 73.000000, 21.000000,206.000000, 73.000000, 21.000000
1696452359661, 620.000000, 248.000000, 73.000000, 21.000000,231.000000, 73.000000, 20.000000
1696452359732, 722.000000, 249.000000, 72.000000, 21.000000,232.000000, 72.000000, 20.000000
1696452359800, 600.000000, 248.000000, 73.000000, 21.000000,233.000000, 73.000000, 20.000000
1696452359850, 711.000000, 249.000000, 73.000000, 21.000000,231.000000, 72.000000, 21.000000
1696452359881, 711.000000, 249.000000, 73.000000, 21.000000,98.000000, 74.000000, 21.000000
1696452359928, 724.000000, 247.000000, 73.000000, 21.000000,238.000000, 72.000000, 21.000000
1696452359998, 704.000000, 249.000000, 73.000000, 21.000000,233.000000, 72.000000, 21.000000
1696452360049, 715.000000, 248.000000, 73.000000, 21.000000,232.000000, 72.000000, 20.000000
1696452360102, 576.000000, 249.000000, 73.000000, 21.000000,241.000000, 73.000000, 21.000000
1696452360148, 731.000000, 167.000000, 73.000000, 21.000000,148.000000, 74.000000, 21.000000
1696452360198, 717.000000, 249.000000, 73.000000, 21.000000,232.000000, 72.000000, 21.000000
1696452360248, 722.000000, 249.000000, 72.000000, 21.000000,230.000000, 73.000000, 21.000000
1696452360295, 717.000000, 249.000000, 73.000000, 21.000000,232.000000, 73.000000, 21.000000
1696452360345, 517.000000, 112.000000, 73.000000, 21.000000,99.000000, 72.000000, 20.000000
1696452360394, 726.000000, 250.000000, 73.000000, 21.000000,232.000000, 74.000000, 21.000000
1696452360444, 627.000000, 131.000000, 74.000000, 22.000000,100.000000, 73.000000, 21.000000
1696452360494, 719.000000, 248.000000, 72.000000, 21.000000,231.000000, 73.000000, 20.000000
1696452360561, 607.000000, 247.000000, 73.000000, 21.000000,231.000000, 73.000000, 20.000000
1696452360609, 717.000000, 249.000000, 73.000000, 21.000000,240.000000, 73.000000, 20.000000
1696452360659, 562.000000, 248.000000, 73.000000, 21.000000,239.000000, 73.000000, 21.000000
1696452360711, 735.000000, 248.000000, 73.000000, 21.000000,240.000000, 73.000000, 21.000000
1696452360762, 721.000000, 247.000000, 73.000000, 21.000000,239.000000, 73.000000, 20.000000
1696452360812, 733.000000, 249.000000, 73.000000, 21.000000,240.000000, 73.000000, 20.000000
1696452360882, 664.000000, 248.000000, 72.000000, 21.000000,232.000000, 73.000000, 20.000000
1696452360933, 724.000000, 249.000000, 73.000000, 21.000000,234.000000, 73.000000, 21.000000
1696452360979, 699.000000, 249.000000, 73.000000, 21.000000,233.000000, 74.000000, 20.000000
1696452361028, 631.000000, 137.000000, 73.000000, 21.000000,100.000000, 73.000000, 21.000000
1696452361079, 722.000000, 250.000000, 73.000000, 21.000000,230.000000, 73.000000, 20.000000
1696452361128, 724.000000, 249.000000, 73.000000, 21.000000,233.000000, 72.000000, 20.000000
1696452361188, 715.000000, 248.000000, 73.000000, 21.000000,231.000000, 73.000000, 20.000000
1696452361241, 516.000000, 164.000000, 72.000000, 20.000000,137.000000, 73.000000, 20.000000
1696452361295, 708.000000, 248.000000, 73.000000, 21.000000,232.000000, 73.000000, 21.000000
1696452361340, 607.000000, 122.000000, 73.000000, 21.000000,102.000000, 73.000000, 21.000000
1696452361374, 719.000000, 247.000000, 73.000000, 21.000000,231.000000, 73.000000, 20.000000
1696452361423, 622.000000, 247.000000, 73.000000, 21.000000,232.000000, 73.000000, 20.000000
1696452361474, 722.000000, 248.000000, 73.000000, 21.000000,231.000000, 73.000000, 21.000000
1696452361539, 594.000000, 131.000000, 72.000000, 21.000000,119.000000, 72.000000, 20.000000
1696452361588, 722.000000, 244.000000, 73.000000, 21.000000,231.000000, 73.000000, 21.000000
1696452361623, 675.000000, 247.000000, 73.000000, 21.000000,232.000000, 73.000000, 21.000000
1696452361673, 719.000000, 248.000000, 73.000000, 21.000000,231.000000, 72.000000, 21.000000
1696452361723, 717.000000, 247.000000, 73.000000, 21.000000,231.000000, 73.000000, 21.000000
1696452361771, 719.000000, 249.000000, 73.000000, 21.000000,232.000000, 72.000000, 21.000000
1696452361824, 679.000000, 248.000000, 72.000000, 21.000000,230.000000, 73.000000, 20.000000
1696452361871, 611.000000, 115.000000, 73.000000, 21.000000,107.000000, 74.000000, 21.000000
1696452361941, 688.000000, 249.000000, 72.000000, 21.000000,238.000000, 73.000000, 20.000000
1696452361992, 684.000000, 115.000000, 72.000000, 21.000000,108.000000, 74.000000, 21.000000
1696452362044, 721.000000, 246.000000, 73.000000, 21.000000,240.000000, 72.000000, 21.000000
1696452362109, 735.000000, 250.000000, 73.000000, 21.000000,241.000000, 73.000000, 21.000000
1696452362141, 711.000000, 249.000000, 73.000000, 21.000000,231.000000, 73.000000, 21.000000
1696452362187, 566.000000, 223.000000, 73.000000, 21.000000,203.000000, 74.000000, 21.000000
1696452362238, 724.000000, 249.000000, 73.000000, 21.000000,231.000000, 73.000000, 20.000000
1696452362288, 620.000000, 131.000000, 73.000000, 21.000000,99.000000, 73.000000, 20.000000
1696452362338, 719.000000, 249.000000, 73.000000, 21.000000,232.000000, 73.000000, 20.000000
1696452362388, 602.000000, 225.000000, 73.000000, 22.000000,232.000000, 73.000000, 21.000000
1696452362449, 719.000000, 248.000000, 73.000000, 21.000000,232.000000, 73.000000, 20.000000
1696452362483, 719.000000, 248.000000, 73.000000, 21.000000,232.000000, 73.000000, 20.000000
1696452362534, 724.000000, 249.000000, 73.000000, 21.000000,233.000000, 73.000000, 21.000000
1696452362581, 712.000000, 250.000000, 73.000000, 21.000000,231.000000, 73.000000, 20.000000
1696452362651, 726.000000, 249.000000, 73.000000, 21.000000,239.000000, 73.000000, 20.000000
1696452362712, 702.000000, 249.000000, 73.000000, 21.000000,231.000000, 73.000000, 21.000000
1696452362752, 602.000000, 118.000000, 73.000000, 21.000000,98.000000, 73.000000, 21.000000
1696452362804, 717.000000, 249.000000, 73.000000, 21.000000,231.000000, 73.000000, 20.000000
1696452362854, 723.000000, 248.000000, 72.000000, 21.000000,231.000000, 73.000000, 20.000000
1696452362921, 697.000000, 248.000000, 73.000000, 21.000000,232.000000, 73.000000, 21.000000
1696452362969, 719.000000, 247.000000, 72.000000, 21.000000,231.000000, 73.000000, 20.000000
1696452363002, 719.000000, 247.000000, 72.000000, 21.000000,231.000000, 73.000000, 20.000000
1696452363070, 721.000000, 247.000000, 72.000000, 21.000000,231.000000, 73.000000, 20.000000
1696452363102, 713.000000, 248.000000, 73.000000, 21.000000,231.000000, 73.000000, 21.000000
1696452363153, 556.000000, 120.000000, 72.000000, 21.000000,108.000000, 74.000000, 21.000000
1696452363205, 728.000000, 248.000000, 72.000000, 21.000000,239.000000, 73.000000, 20.000000
1696452363251, 733.000000, 132.000000, 72.000000, 21.000000,113.000000, 74.000000, 21.000000
1696452363302, 715.000000, 247.000000, 73.000000, 21.000000,240.000000, 73.000000, 20.000000
1696452363348, 633.000000, 245.000000, 73.000000, 21.000000,243.000000, 73.000000, 21.000000
1696452363399, 730.000000, 247.000000, 72.000000, 21.000000,239.000000, 73.000000, 20.000000
1696452363449, 598.000000, 143.000000, 73.000000, 21.000000,101.000000, 73.000000, 21.000000
1696452363495, 724.000000, 250.000000, 72.000000, 21.000000,233.000000, 73.000000, 21.000000
1696452363546, 644.000000, 247.000000, 72.000000, 21.000000,230.000000, 73.000000, 20.000000
1696452363602, 722.000000, 249.000000, 73.000000, 21.000000,231.000000, 73.000000, 21.000000
1696452363643, 724.000000, 249.000000, 73.000000, 21.000000,234.000000, 73.000000, 20.000000
1696452363694, 706.000000, 183.000000, 73.000000, 21.000000,99.000000, 72.000000, 20.000000
1696452363761, 711.000000, 249.000000, 72.000000, 21.000000,232.000000, 73.000000, 21.000000
1696452363794, 514.000000, 228.000000, 73.000000, 22.000000,210.000000, 74.000000, 22.000000
1696452363860, 693.000000, 249.000000, 73.000000, 21.000000,231.000000, 74.000000, 21.000000
1696452363891, 638.000000, 121.000000, 72.000000, 21.000000,99.000000, 73.000000, 21.000000
1696452363952, 717.000000, 249.000000, 73.000000, 21.000000,231.000000, 72.000000, 20.000000
1696452364008, 668.000000, 247.000000, 73.000000, 21.000000,230.000000, 74.000000, 20.000000
1696452364040, 722.000000, 239.000000, 73.000000, 21.000000,217.000000, 72.000000, 20.000000
1696452364086, 704.000000, 248.000000, 73.000000, 21.000000,230.000000, 72.000000, 20.000000
1696452364136, 719.000000, 248.000000, 72.000000, 21.000000,230.000000, 72.000000, 20.000000
1696452364187, 668.000000, 247.000000, 73.000000, 21.000000,231.000000, 72.000000, 20.000000
1696452364242, 640.000000, 116.000000, 72.000000, 21.000000,99.000000, 73.000000, 21.000000
1696452364292, 657.000000, 250.000000, 73.000000, 21.000000,232.000000, 72.000000, 21.000000
1696452364342, 723.000000, 248.000000, 72.000000, 21.000000,233.000000, 73.000000, 20.000000
1696452364383, 713.000000, 248.000000, 73.000000, 22.000000,229.000000, 72.000000, 20.000000
1696452364434, 531.000000, 179.000000, 73.000000, 21.000000,237.000000, 72.000000, 21.000000
1696452364500, 717.000000, 250.000000, 73.000000, 21.000000,238.000000, 72.000000, 21.000000
1696452364532, 644.000000, 129.000000, 73.000000, 22.000000,107.000000, 73.000000, 21.000000
1696452364602, 723.000000, 249.000000, 72.000000, 21.000000,240.000000, 73.000000, 20.000000
1696452364634, 620.000000, 249.000000, 73.000000, 21.000000,241.000000, 73.000000, 21.000000
1696452364700, 713.000000, 250.000000, 72.000000, 21.000000,235.000000, 73.000000, 21.000000
1696452364751, 552.000000, 121.000000, 73.000000, 21.000000,101.000000, 73.000000, 21.000000
1696452364801, 723.000000, 253.000000, 73.000000, 21.000000,239.000000, 72.000000, 20.000000
1696452364850, 613.000000, 249.000000, 73.000000, 21.000000,240.000000, 73.000000, 21.000000
1696452364881, 726.000000, 245.000000, 72.000000, 21.000000,232.000000, 72.000000, 20.000000
1696452364931, 706.000000, 249.000000, 73.000000, 21.000000,101.000000, 73.000000, 21.000000
1696452364982, 719.000000, 248.000000, 73.000000, 21.000000,232.000000, 73.000000, 21.000000
1696452365050, 503.000000, 223.000000, 72.000000, 21.000000,208.000000, 74.000000, 20.000000
1696452365081, 724.000000, 251.000000, 73.000000, 21.000000,236.000000, 73.000000, 21.000000
1696452365150, 578.000000, 122.000000, 73.000000, 21.000000,101.000000, 73.000000, 21.000000
1696452365182, 722.000000, 249.000000, 73.000000, 21.000000,232.000000, 73.000000, 21.000000
1696452365251, 609.000000, 249.000000, 73.000000, 21.000000,234.000000, 73.000000, 21.000000
1696452365283, 724.000000, 246.000000, 73.000000, 21.000000,227.000000, 73.000000, 21.000000
1696452365329, 697.000000, 249.000000, 72.000000, 21.000000,232.000000, 73.000000, 21.000000
1696452365378, 724.000000, 249.000000, 73.000000, 21.000000,232.000000, 73.000000, 21.000000
1696452365427, 697.000000, 249.000000, 73.000000, 21.000000,233.000000, 73.000000, 20.000000
1696452365477, 684.000000, 122.000000, 73.000000, 21.000000,102.000000, 74.000000, 21.000000
1696452365531, 719.000000, 248.000000, 73.000000, 21.000000,232.000000, 73.000000, 20.000000
1696452365600, 717.000000, 248.000000, 73.000000, 21.000000,231.000000, 73.000000, 21.000000
1696452365680, 631.000000, 124.000000, 72.000000, 21.000000,102.000000, 73.000000, 20.000000
1696452365723, 733.000000, 249.000000, 73.000000, 21.000000,243.000000, 73.000000, 20.000000
1696452365776, 709.000000, 125.000000, 73.000000, 21.000000,113.000000, 74.000000, 21.000000
1696452365823, 730.000000, 249.000000, 73.000000, 21.000000,240.000000, 73.000000, 20.000000
1696452365892, 646.000000, 247.000000, 73.000000, 21.000000,243.000000, 73.000000, 20.000000
1696452365942, 728.000000, 248.000000, 73.000000, 21.000000,242.000000, 73.000000, 21.000000
1696452365993, 626.000000, 248.000000, 72.000000, 21.000000,235.000000, 72.000000, 20.000000
1696452366044, 719.000000, 248.000000, 73.000000, 21.000000,230.000000, 73.000000, 20.000000
1696452366094, 616.000000, 144.000000, 73.000000, 21.000000,101.000000, 73.000000, 21.000000
1696452366153, 722.000000, 248.000000, 72.000000, 21.000000,231.000000, 73.000000, 20.000000
1696452366190, 699.000000, 249.000000, 73.000000, 21.000000,233.000000, 73.000000, 21.000000
1696452366242, 636.000000, 116.000000, 73.000000, 21.000000,101.000000, 73.000000, 21.000000
1696452366311, 571.000000, 249.000000, 73.000000, 21.000000,232.000000, 73.000000, 21.000000
1696452366361, 719.000000, 250.000000, 73.000000, 21.000000,231.000000, 72.000000, 20.000000
1696452366422, 545.000000, 119.000000, 73.000000, 21.000000,102.000000, 74.000000, 21.000000
1696452366462, 719.000000, 249.000000, 73.000000, 21.000000,232.000000, 73.000000, 20.000000
1696452366531, 636.000000, 248.000000, 72.000000, 21.000000,231.000000, 72.000000, 20.000000
1696452366581, 715.000000, 248.000000, 73.000000, 21.000000,230.000000, 72.000000, 21.000000
1696452366632, 624.000000, 249.000000, 72.000000, 21.000000,231.000000, 73.000000, 20.000000
1696452366692, 719.000000, 249.000000, 73.000000, 21.000000,231.000000, 74.000000, 20.000000
1696452366732, 711.000000, 249.000000, 73.000000, 21.000000,231.000000, 72.000000, 20.000000
1696452366800, 717.000000, 249.000000, 73.000000, 21.000000,231.000000, 73.000000, 21.000000
1696452366849, 706.000000, 250.000000, 73.000000, 21.000000,231.000000, 72.000000, 21.000000
1696452366899, 715.000000, 249.000000, 73.000000, 21.000000,231.000000, 73.000000, 21.000000
1696452366931, 715.000000, 249.000000, 73.000000, 21.000000,231.000000, 73.000000, 21.000000
1696452366984, 728.000000, 246.000000, 73.000000, 22.000000,237.000000, 73.000000, 20.000000
1696452367049, 713.000000, 249.000000, 73.000000, 21.000000,239.000000, 73.000000, 20.000000
1696452367098, 728.000000, 250.000000, 73.000000, 21.000000,240.000000, 73.000000, 21.000000
1696452367131, 728.000000, 250.000000, 73.000000, 21.000000,240.000000, 73.000000, 21.000000
1696452367202, 732.000000, 248.000000, 72.000000, 21.000000,239.000000, 73.000000, 21.000000
1696452367253, 726.000000, 245.000000, 73.000000, 21.000000,239.000000, 73.000000, 20.000000
1696452367304, 723.000000, 248.000000, 72.000000, 21.000000,231.000000, 72.000000, 20.000000
1696452367349, 713.000000, 248.000000, 73.000000, 21.000000,231.000000, 73.000000, 20.000000
1696452367399, 560.000000, 118.000000, 73.000000, 21.000000,100.000000, 73.000000, 21.000000
1696452367449, 721.000000, 250.000000, 73.000000, 21.000000,232.000000, 72.000000, 21.000000
1696452367499, 721.000000, 249.000000, 73.000000, 21.000000,231.000000, 73.000000, 20.000000
1696452367549, 717.000000, 248.000000, 73.000000, 21.000000,233.000000, 72.000000, 20.000000
1696452367594, 651.000000, 246.000000, 73.000000, 21.000000,231.000000, 73.000000, 21.000000
1696452367644, 723.000000, 249.000000, 72.000000, 21.000000,231.000000, 72.000000, 20.000000
1696452367711, 662.000000, 247.000000, 72.000000, 21.000000,231.000000, 73.000000, 20.000000
1696452367743, 721.000000, 246.000000, 72.000000, 21.000000,231.000000, 72.000000, 20.000000
1696452367789, 715.000000, 248.000000, 73.000000, 21.000000,230.000000, 73.000000, 20.000000
1696452367839, 538.000000, 179.000000, 73.000000, 22.000000,216.000000, 75.000000, 22.000000
1696452367890, 719.000000, 248.000000, 73.000000, 21.000000,231.000000, 73.000000, 20.000000
1696452367937, 622.000000, 120.000000, 72.000000, 21.000000,101.000000, 73.000000, 21.000000
1696452367987, 717.000000, 248.000000, 73.000000, 21.000000,232.000000, 73.000000, 20.000000
1696452368033, 693.000000, 247.000000, 73.000000, 21.000000,233.000000, 72.000000, 21.000000
1696452368085, 717.000000, 116.000000, 73.000000, 21.000000,102.000000, 74.000000, 21.000000
1696452368142, 655.000000, 249.000000, 73.000000, 21.000000,232.000000, 72.000000, 20.000000
1696452368180, 718.000000, 155.000000, 74.000000, 22.000000,105.000000, 74.000000, 21.000000
1696452368228, 717.000000, 249.000000, 73.000000, 21.000000,234.000000, 73.000000, 21.000000
1696452368301, 730.000000, 250.000000, 73.000000, 21.000000,239.000000, 73.000000, 20.000000
1696452368351, 695.000000, 248.000000, 73.000000, 21.000000,240.000000, 74.000000, 21.000000
1696452368401, 667.000000, 110.000000, 73.000000, 21.000000,107.000000, 74.000000, 21.000000
1696452368462, 507.000000, 247.000000, 72.000000, 20.000000,240.000000, 73.000000, 20.000000
1696452368503, 733.000000, 250.000000, 73.000000, 21.000000,246.000000, 73.000000, 22.000000
1696452368554, 693.000000, 249.000000, 73.000000, 21.000000,232.000000, 72.000000, 21.000000
1696452368604, 622.000000, 149.000000, 73.000000, 21.000000,101.000000, 74.000000, 21.000000
1696452368652, 719.000000, 249.000000, 73.000000, 21.000000,231.000000, 72.000000, 20.000000
1696452368697, 699.000000, 248.000000, 73.000000, 21.000000,232.000000, 73.000000, 21.000000
1696452368761, 719.000000, 249.000000, 73.000000, 21.000000,231.000000, 73.000000, 21.000000
1696452368809, 697.000000, 248.000000, 73.000000, 21.000000,231.000000, 72.000000, 20.000000
1696452368858, 633.000000, 148.000000, 73.000000, 21.000000,99.000000, 74.000000, 20.000000
1696452368892, 719.000000, 248.000000, 73.000000, 21.000000,233.000000, 73.000000, 21.000000
1696452368939, 642.000000, 120.000000, 73.000000, 21.000000,99.000000, 73.000000, 20.000000
1696452368989, 717.000000, 250.000000, 73.000000, 21.000000,230.000000, 73.000000, 20.000000
1696452369039, 622.000000, 249.000000, 72.000000, 21.000000,233.000000, 73.000000, 21.000000
1696452369088, 724.000000, 249.000000, 73.000000, 21.000000,230.000000, 73.000000, 20.000000
1696452369138, 708.000000, 249.000000, 73.000000, 21.000000,230.000000, 73.000000, 21.000000
1696452369188, 728.000000, 258.000000, 73.000000, 21.000000,230.000000, 73.000000, 20.000000
1696452369238, 640.000000, 250.000000, 73.000000, 21.000000,232.000000, 73.000000, 20.000000
1696452369285, 726.000000, 214.000000, 72.000000, 21.000000,179.000000, 72.000000, 20.000000
1696452369334, 715.000000, 249.000000, 73.000000, 21.000000,231.000000, 73.000000, 20.000000
1696452369392, 673.000000, 119.000000, 73.000000, 21.000000,99.000000, 72.000000, 21.000000
1696452369443, 715.000000, 244.000000, 73.000000, 21.000000,229.000000, 73.000000, 21.000000
1696452369484, 548.000000, 115.000000, 73.000000, 21.000000,100.000000, 73.000000, 21.000000
1696452369529, 722.000000, 250.000000, 73.000000, 21.000000,231.000000, 72.000000, 21.000000
1696452369578, 711.000000, 250.000000, 73.000000, 21.000000,238.000000, 74.000000, 20.000000
1696452369627, 730.000000, 248.000000, 72.000000, 21.000000,239.000000, 72.000000, 20.000000
1696452369676, 704.000000, 249.000000, 73.000000, 21.000000,246.000000, 73.000000, 21.000000
1696452369725, 733.000000, 248.000000, 73.000000, 21.000000,239.000000, 72.000000, 20.000000
1696452369777, 730.000000, 251.000000, 73.000000, 21.000000,238.000000, 72.000000, 21.000000
1696452369841, 728.000000, 249.000000, 73.000000, 22.000000,234.000000, 72.000000, 21.000000
1696452369888, 715.000000, 251.000000, 73.000000, 21.000000,233.000000, 73.000000, 21.000000
1696452369932, 600.000000, 252.000000, 73.000000, 21.000000,231.000000, 73.000000, 20.000000
1696452369971, 722.000000, 247.000000, 73.000000, 21.000000,232.000000, 72.000000, 21.000000
1696452370041, 587.000000, 121.000000, 73.000000, 21.000000,100.000000, 73.000000, 21.000000
1696452370091, 724.000000, 248.000000, 72.000000, 21.000000,234.000000, 72.000000, 20.000000
1696452370141, 589.000000, 194.000000, 74.000000, 22.000000,202.000000, 74.000000, 21.000000
1696452370191, 722.000000, 249.000000, 73.000000, 21.000000,233.000000, 72.000000, 21.000000
1696452370262, 726.000000, 245.000000, 73.000000, 21.000000,236.000000, 73.000000, 21.000000
1696452370312, 711.000000, 248.000000, 73.000000, 21.000000,231.000000, 73.000000, 20.000000
1696452370361, 536.000000, 119.000000, 72.000000, 21.000000,99.000000, 74.000000, 21.000000
1696452370422, 686.000000, 247.000000, 73.000000, 21.000000,231.000000, 73.000000, 20.000000
1696452370472, 633.000000, 121.000000, 72.000000, 22.000000,99.000000, 73.000000, 21.000000
1696452370512, 719.000000, 249.000000, 73.000000, 21.000000,232.000000, 72.000000, 21.000000
1696452370580, 626.000000, 248.000000, 72.000000, 21.000000,231.000000, 73.000000, 20.000000
1696452370611, 724.000000, 245.000000, 72.000000, 21.000000,232.000000, 73.000000, 20.000000
1696452370680, 558.000000, 122.000000, 73.000000, 21.000000,101.000000, 73.000000, 21.000000
1696452370728, 719.000000, 249.000000, 73.000000, 21.000000,232.000000, 73.000000, 21.000000
1696452370761, 659.000000, 247.000000, 74.000000, 21.000000,230.000000, 72.000000, 20.000000
1696452370832, 719.000000, 248.000000, 73.000000, 21.000000,239.000000, 73.000000, 20.000000
1696452370884, 522.000000, 204.000000, 74.000000, 21.000000,191.000000, 73.000000, 21.000000
1696452370935, 732.000000, 249.000000, 73.000000, 21.000000,242.000000, 72.000000, 21.000000
1696452370983, 600.000000, 119.000000, 73.000000, 21.000000,109.000000, 73.000000, 21.000000
1696452371051, 730.000000, 249.000000, 73.000000, 21.000000,242.000000, 72.000000, 21.000000
1696452371084, 695.000000, 248.000000, 73.000000, 21.000000,241.000000, 74.000000, 21.000000
1696452371130, 728.000000, 163.000000, 72.000000, 20.000000,152.000000, 72.000000, 19.000000
1696452371178, 717.000000, 248.000000, 72.000000, 21.000000,231.000000, 72.000000, 21.000000
1696452371229, 719.000000, 249.000000, 73.000000, 21.000000,232.000000, 73.000000, 20.000000
1696452371278, 706.000000, 249.000000, 73.000000, 21.000000,231.000000, 73.000000, 20.000000
1696452371327, 549.000000, 183.000000, 72.000000, 21.000000,171.000000, 73.000000, 20.000000
1696452371382, 722.000000, 249.000000, 73.000000, 21.000000,231.000000, 72.000000, 21.000000
1696452371422, 706.000000, 249.000000, 72.000000, 21.000000,232.000000, 73.000000, 20.000000
1696452371469, 726.000000, 248.000000, 73.000000, 21.000000,231.000000, 72.000000, 20.000000
1696452371540, 704.000000, 248.000000, 72.000000, 21.000000,232.000000, 73.000000, 20.000000
1696452371592, 724.000000, 251.000000, 73.000000, 21.000000,232.000000, 73.000000, 20.000000
1696452371637, 704.000000, 249.000000, 72.000000, 21.000000,233.000000, 73.000000, 21.000000
1696452371669, 698.000000, 110.000000, 72.000000, 21.000000,100.000000, 73.000000, 20.000000
1696452371732, 717.000000, 248.000000, 73.000000, 21.000000,234.000000, 72.000000, 20.000000
1696452371780, 591.000000, 249.000000, 73.000000, 21.000000,233.000000, 73.000000, 21.000000
1696452371814, 724.000000, 250.000000, 73.000000, 21.000000,233.000000, 73.000000, 21.000000
1696452371866, 647.000000, 126.000000, 73.000000, 22.000000,102.000000, 73.000000, 21.000000
1696452371918, 715.000000, 248.000000, 73.000000, 21.000000,232.000000, 73.000000, 20.000000
1696452371968, 543.000000, 118.000000, 73.000000, 21.000000,102.000000, 73.000000, 21.000000
1696452372031, 702.000000, 248.000000, 72.000000, 21.000000,232.000000, 73.000000, 20.000000
1696452372066, 662.000000, 119.000000, 72.000000, 21.000000,98.000000, 72.000000, 20.000000
1696452372130, 728.000000, 249.000000, 73.000000, 21.000000,237.000000, 73.000000, 20.000000
1696452372187, 726.000000, 249.000000, 73.000000, 21.000000,239.000000, 73.000000, 20.000000
1696452372231, 708.000000, 248.000000, 73.000000, 21.000000,239.000000, 73.000000, 20.000000
1696452372279, 653.000000, 119.000000, 73.000000, 21.000000,108.000000, 73.000000, 21.000000
1696452372316, 726.000000, 244.000000, 73.000000, 21.000000,239.000000, 73.000000, 20.000000
1696452372383, 662.000000, 249.000000, 73.000000, 21.000000,241.000000, 74.000000, 21.000000
1696452372431, 711.000000, 248.000000, 73.000000, 21.000000,231.000000, 73.000000, 21.000000
1696452372478, 527.000000, 243.000000, 73.000000, 21.000000,231.000000, 74.000000, 20.000000
1696452372514, 715.000000, 245.000000, 73.000000, 21.000000,231.000000, 73.000000, 20.000000
1696452372582, 682.000000, 248.000000, 73.000000, 21.000000,230.000000, 73.000000, 20.000000
1696452372633, 717.000000, 249.000000, 73.000000, 21.000000,231.000000, 73.000000, 20.000000
1696452372682, 593.000000, 248.000000, 73.000000, 21.000000,231.000000, 73.000000, 20.000000
1696452372760, 712.000000, 248.000000, 74.000000, 21.000000,230.000000, 73.000000, 20.000000
1696452372811, 541.000000, 118.000000, 72.000000, 21.000000,106.000000, 73.000000, 21.000000
1696452372857, 726.000000, 249.000000, 73.000000, 21.000000,233.000000, 73.000000, 20.000000
1696452372909, 724.000000, 248.000000, 73.000000, 21.000000,233.000000, 72.000000, 20.000000
1696452372959, 724.000000, 249.000000, 74.000000, 21.000000,233.000000, 73.000000, 20.000000
1696452373009, 525.000000, 122.000000, 73.000000, 21.000000,100.000000, 73.000000, 21.000000
1696452373059, 722.000000, 248.000000, 73.000000, 21.000000,231.000000, 72.000000, 20.000000
1696452373109, 653.000000, 184.000000, 73.000000, 21.000000,99.000000, 73.000000, 20.000000
1696452373157, 717.000000, 248.000000, 73.000000, 21.000000,230.000000, 73.000000, 20.000000
1696452373207, 631.000000, 248.000000, 73.000000, 21.000000,233.000000, 72.000000, 20.000000
1696452373271, 715.000000, 248.000000, 73.000000, 21.000000,234.000000, 74.000000, 20.000000
1696452373306, 715.000000, 248.000000, 73.000000, 21.000000,234.000000, 74.000000, 20.000000
1696452373357, 719.000000, 248.000000, 73.000000, 21.000000,231.000000, 73.000000, 20.000000
1696452373407, 580.000000, 248.000000, 73.000000, 21.000000,239.000000, 73.000000, 20.000000
1696452373457, 730.000000, 249.000000, 73.000000, 21.000000,240.000000, 73.000000, 20.000000
1696452373504, 724.000000, 249.000000, 73.000000, 21.000000,242.000000, 73.000000, 21.000000
1696452373555, 730.000000, 248.000000, 72.000000, 21.000000,239.000000, 73.000000, 21.000000
1696452373621, 697.000000, 248.000000, 73.000000, 21.000000,240.000000, 73.000000, 21.000000
1696452373669, 719.000000, 249.000000, 73.000000, 21.000000,234.000000, 73.000000, 21.000000
1696452373718, 664.000000, 248.000000, 73.000000, 21.000000,230.000000, 72.000000, 20.000000
1696452373769, 698.000000, 140.000000, 72.000000, 21.000000,100.000000, 73.000000, 20.000000
1696452373800, 719.000000, 248.000000, 73.000000, 21.000000,232.000000, 73.000000, 21.000000
1696452373871, 724.000000, 250.000000, 73.000000, 21.000000,233.000000, 73.000000, 21.000000
1696452373903, 724.000000, 250.000000, 73.000000, 21.000000,233.000000, 73.000000, 21.000000
1696452373973, 723.000000, 249.000000, 73.000000, 21.000000,232.000000, 73.000000, 20.000000
1696452374024, 715.000000, 248.000000, 73.000000, 21.000000,231.000000, 72.000000, 21.000000
1696452374074, 723.000000, 248.000000, 73.000000, 21.000000,233.000000, 72.000000, 20.000000
1696452374124, 702.000000, 247.000000, 73.000000, 21.000000,232.000000, 73.000000, 20.000000
1696452374175, 629.000000, 126.000000, 72.000000, 21.000000,100.000000, 73.000000, 20.000000
1696452374222, 719.000000, 247.000000, 73.000000, 21.000000,233.000000, 72.000000, 21.000000
1696452374292, 653.000000, 184.000000, 72.000000, 21.000000,101.000000, 73.000000, 20.000000
1696452374343, 722.000000, 249.000000, 73.000000, 21.000000,232.000000, 72.000000, 20.000000
1696452374402, 721.000000, 249.000000, 72.000000, 21.000000,231.000000, 73.000000, 20.000000
1696452374443, 699.000000, 246.000000, 73.000000, 21.000000,230.000000, 73.000000, 21.000000
1696452374494, 637.000000, 151.000000, 73.000000, 21.000000,101.000000, 73.000000, 20.000000
1696452374544, 719.000000, 248.000000, 73.000000, 21.000000,233.000000, 73.000000, 20.000000
1696452374594, 723.000000, 249.000000, 73.000000, 21.000000,234.000000, 73.000000, 20.000000
1696452374645, 690.000000, 249.000000, 73.000000, 21.000000,232.000000, 73.000000, 20.000000
1696452374696, 711.000000, 115.000000, 72.000000, 21.000000,107.000000, 73.000000, 21.000000
1696452374759, 657.000000, 249.000000, 73.000000, 21.000000,241.000000, 73.000000, 21.000000
1696452374794, 728.000000, 249.000000, 73.000000, 21.000000,240.000000, 73.000000, 20.000000
1696452374845, 717.000000, 249.000000, 73.000000, 21.000000,241.000000, 73.000000, 20.000000
1696452374895, 570.000000, 122.000000, 72.000000, 21.000000,109.000000, 73.000000, 21.000000
1696452374952, 693.000000, 248.000000, 73.000000, 21.000000,232.000000, 73.000000, 21.000000
1696452374990, 598.000000, 122.000000, 73.000000, 21.000000,99.000000, 73.000000, 21.000000
1696452375062, 719.000000, 249.000000, 74.000000, 21.000000,231.000000, 72.000000, 21.000000
1696452375114, 724.000000, 227.000000, 73.000000, 22.000000,203.000000, 72.000000, 22.000000
1696452375180, 695.000000, 251.000000, 75.000000, 21.000000,229.000000, 72.000000, 20.000000
1696452375217, 532.000000, 118.000000, 72.000000, 21.000000,100.000000, 74.000000, 21.000000
1696452375282, 681.000000, 249.000000, 73.000000, 21.000000,230.000000, 72.000000, 20.000000
1696452375315, 724.000000, 247.000000, 72.000000, 21.000000,234.000000, 73.000000, 21.000000
1696452375367, 699.000000, 249.000000, 73.000000, 21.000000,233.000000, 72.000000, 21.000000
1696452375414, 548.000000, 116.000000, 74.000000, 21.000000,101.000000, 74.000000, 21.000000
1696452375481, 708.000000, 248.000000, 73.000000, 21.000000,233.000000, 72.000000, 21.000000
1696452375530, 558.000000, 120.000000, 73.000000, 21.000000,101.000000, 73.000000, 21.000000
1696452375581, 723.000000, 249.000000, 73.000000, 21.000000,232.000000, 73.000000, 20.000000
1696452375659, 721.000000, 249.000000, 73.000000, 21.000000,234.000000, 73.000000, 20.000000
1696452375709, 722.000000, 249.000000, 73.000000, 21.000000,237.000000, 73.000000, 20.000000
1696452375759, 719.000000, 246.000000, 72.000000, 21.000000,231.000000, 72.000000, 20.000000
1696452375805, 713.000000, 249.000000, 73.000000, 21.000000,232.000000, 73.000000, 21.000000
1696452375855, 545.000000, 120.000000, 72.000000, 21.000000,100.000000, 74.000000, 21.000000
1696452375888, 708.000000, 247.000000, 73.000000, 21.000000,231.000000, 72.000000, 20.000000
1696452375933, 549.000000, 248.000000, 73.000000, 22.000000,231.000000, 73.000000, 20.000000
1696452375984, 733.000000, 249.000000, 72.000000, 21.000000,242.000000, 73.000000, 20.000000
1696452376034, 706.000000, 167.000000, 72.000000, 21.000000,106.000000, 73.000000, 20.000000
1696452376099, 722.000000, 248.000000, 73.000000, 21.000000,241.000000, 73.000000, 21.000000
1696452376142, 677.000000, 248.000000, 73.000000, 21.000000,238.000000, 72.000000, 20.000000
1696452376181, 730.000000, 250.000000, 73.000000, 21.000000,240.000000, 73.000000, 21.000000
1696452376233, 576.000000, 124.000000, 73.000000, 21.000000,107.000000, 73.000000, 20.000000
1696452376279, 721.000000, 250.000000, 73.000000, 21.000000,238.000000, 73.000000, 21.000000
1696452376329, 681.000000, 248.000000, 73.000000, 21.000000,231.000000, 73.000000, 21.000000
1696452376383, 726.000000, 248.000000, 73.000000, 21.000000,231.000000, 72.000000, 21.000000
1696452376434, 627.000000, 124.000000, 72.000000, 21.000000,100.000000, 73.000000, 21.000000
1696452376500, 721.000000, 248.000000, 72.000000, 21.000000,231.000000, 72.000000, 20.000000
1696452376532, 673.000000, 248.000000, 73.000000, 21.000000,233.000000, 73.000000, 20.000000
1696452376582, 723.000000, 248.000000, 73.000000, 21.000000,232.000000, 73.000000, 20.000000
1696452376614, 695.000000, 249.000000, 73.000000, 21.000000,233.000000, 72.000000, 21.000000
1696452376672, 722.000000, 247.000000, 72.000000, 21.000000,233.000000, 73.000000, 21.000000
1696452376722, 609.000000, 123.000000, 72.000000, 22.000000,101.000000, 72.000000, 21.000000
1696452376763, 717.000000, 250.000000, 73.000000, 21.000000,231.000000, 73.000000, 20.000000
1696452376815, 668.000000, 248.000000, 73.000000, 21.000000,233.000000, 73.000000, 21.000000
1696452376879, 699.000000, 248.000000, 73.000000, 21.000000,231.000000, 73.000000, 20.000000
1696452376941, 527.000000, 213.000000, 73.000000, 22.000000,204.000000, 74.000000, 21.000000
1696452376985, 723.000000, 248.000000, 73.000000, 21.000000,231.000000, 73.000000, 20.000000
1696452377036, 722.000000, 161.000000, 72.000000, 22.000000,121.000000, 73.000000, 21.000000
1696452377086, 715.000000, 249.000000, 73.000000, 21.000000,234.000000, 74.000000, 21.000000
1696452377136, 512.000000, 113.000000, 73.000000, 22.000000,101.000000, 74.000000, 21.000000
1696452377183, 726.000000, 249.000000, 73.000000, 21.000000,233.000000, 73.000000, 20.000000
1696452377235, 656.000000, 122.000000, 73.000000, 21.000000,107.000000, 74.000000, 20.000000
1696452377285, 726.000000, 248.000000, 73.000000, 21.000000,239.000000, 73.000000, 20.000000
1696452377337, 514.000000, 123.000000, 73.000000, 21.000000,108.000000, 73.000000, 21.000000
1696452377382, 726.000000, 249.000000, 73.000000, 21.000000,239.000000, 74.000000, 20.000000
1696452377414, 681.000000, 248.000000, 72.000000, 21.000000,240.000000, 74.000000, 20.000000
1696452377482, 726.000000, 249.000000, 73.000000, 21.000000,240.000000, 74.000000, 20.000000
1696452377532, 606.000000, 249.000000, 73.000000, 21.000000,232.000000, 73.000000, 20.000000
1696452377582, 724.000000, 250.000000, 73.000000, 21.000000,232.000000, 72.000000, 21.000000
1696452377633, 713.000000, 248.000000, 73.000000, 21.000000,231.000000, 73.000000, 20.000000
1696452377684, 719.000000, 250.000000, 73.000000, 21.000000,231.000000, 73.000000, 21.000000
1696452377740, 706.000000, 248.000000, 74.000000, 21.000000,230.000000, 74.000000, 21.000000
1696452377783, 572.000000, 151.000000, 73.000000, 22.000000,101.000000, 75.000000, 21.000000
1696452377834, 713.000000, 248.000000, 73.000000, 21.000000,230.000000, 73.000000, 21.000000
1696452377885, 715.000000, 249.000000, 72.000000, 21.000000,231.000000, 73.000000, 21.000000
1696452377935, 664.000000, 249.000000, 73.000000, 21.000000,230.000000, 73.000000, 20.000000
1696452377986, 726.000000, 249.000000, 73.000000, 21.000000,229.000000, 73.000000, 21.000000
1696452378042, 530.000000, 120.000000, 72.000000, 21.000000,107.000000, 73.000000, 20.000000
1696452378083, 721.000000, 248.000000, 73.000000, 21.000000,232.000000, 73.000000, 20.000000
1696452378134, 653.000000, 247.000000, 72.000000, 21.000000,231.000000, 72.000000, 20.000000
1696452378185, 726.000000, 249.000000, 73.000000, 21.000000,232.000000, 73.000000, 20.000000
1696452378242, 602.000000, 249.000000, 72.000000, 21.000000,233.000000, 72.000000, 20.000000
1696452378280, 728.000000, 249.000000, 73.000000, 21.000000,232.000000, 73.000000, 21.000000
1696452378329, 712.000000, 249.000000, 73.000000, 21.000000,230.000000, 73.000000, 20.000000
1696452378379, 519.000000, 109.000000, 71.000000, 20.000000,102.000000, 72.000000, 19.000000
1696452378429, 726.000000, 249.000000, 73.000000, 21.000000,232.000000, 72.000000, 21.000000
1696452378501, 724.000000, 249.000000, 73.000000, 21.000000,234.000000, 72.000000, 21.000000
1696452378551, 724.000000, 249.000000, 73.000000, 21.000000,239.000000, 72.000000, 20.000000
1696452378612, 730.000000, 248.000000, 72.000000, 21.000000,241.000000, 72.000000, 21.000000
1696452378652, 715.000000, 248.000000, 73.000000, 21.000000,238.000000, 72.000000, 21.000000
1696452378704, 640.000000, 115.000000, 73.000000, 21.000000,109.000000, 74.000000, 21.000000
1696452378750, 730.000000, 247.000000, 73.000000, 21.000000,240.000000, 72.000000, 21.000000
1696452378823, 646.000000, 185.000000, 73.000000, 21.000000,101.000000, 73.000000, 20.000000
1696452378882, 516.000000, 192.000000, 72.000000, 20.000000,151.000000, 72.000000, 20.000000
1696452378924, 723.000000, 249.000000, 73.000000, 21.000000,231.000000, 73.000000, 20.000000
1696452378990, 706.000000, 248.000000, 73.000000, 21.000000,230.000000, 73.000000, 20.000000
1696452379021, 555.000000, 245.000000, 74.000000, 22.000000,225.000000, 73.000000, 21.000000
1696452379092, 708.000000, 247.000000, 73.000000, 21.000000,230.000000, 73.000000, 20.000000
1696452379142, 673.000000, 112.000000, 73.000000, 21.000000,99.000000, 73.000000, 21.000000
1696452379174, 711.000000, 248.000000, 73.000000, 21.000000,237.000000, 73.000000, 20.000000
1696452379223, 574.000000, 116.000000, 73.000000, 21.000000,101.000000, 73.000000, 21.000000
1696452379274, 715.000000, 248.000000, 73.000000, 21.000000,232.000000, 72.000000, 20.000000
1696452379321, 726.000000, 243.000000, 73.000000, 21.000000,229.000000, 73.000000, 21.000000
1696452379390, 688.000000, 247.000000, 73.000000, 22.000000,231.000000, 73.000000, 21.000000
1696452379422, 538.000000, 117.000000, 73.000000, 21.000000,99.000000, 73.000000, 21.000000
1696452379472, 719.000000, 248.000000, 73.000000, 21.000000,231.000000, 73.000000, 20.000000
1696452379532, 644.000000, 121.000000, 73.000000, 21.000000,98.000000, 73.000000, 20.000000
1696452379570, 717.000000, 245.000000, 73.000000, 21.000000,232.000000, 72.000000, 21.000000
1696452379632, 525.000000, 116.000000, 73.000000, 21.000000,99.000000, 73.000000, 21.000000
1696452379673, 715.000000, 248.000000, 73.000000, 21.000000,232.000000, 73.000000, 20.000000
1696452379742, 711.000000, 186.000000, 72.000000, 20.000000,101.000000, 72.000000, 20.000000
1696452379773, 717.000000, 249.000000, 73.000000, 21.000000,232.000000, 74.000000, 20.000000
1696452379825, 529.000000, 184.000000, 72.000000, 22.000000,237.000000, 72.000000, 20.000000
1696452379890, 713.000000, 249.000000, 73.000000, 21.000000,240.000000, 73.000000, 21.000000
1696452379942, 592.000000, 122.000000, 73.000000, 21.000000,107.000000, 73.000000, 21.000000
1696452379991, 726.000000, 248.000000, 73.000000, 21.000000,243.000000, 73.000000, 20.000000
1696452380023, 558.000000, 248.000000, 73.000000, 21.000000,240.000000, 73.000000, 20.000000
1696452380070, 728.000000, 248.000000, 73.000000, 21.000000,241.000000, 73.000000, 21.000000
1696452380142, 722.000000, 249.000000, 73.000000, 21.000000,232.000000, 74.000000, 21.000000
1696452380193, 719.000000, 249.000000, 73.000000, 21.000000,232.000000, 72.000000, 21.000000
1696452380244, 722.000000, 249.000000, 73.000000, 21.000000,232.000000, 73.000000, 21.000000
1696452380294, 712.000000, 249.000000, 73.000000, 21.000000,233.000000, 72.000000, 21.000000
1696452380344, 538.000000, 193.000000, 73.000000, 22.000000,226.000000, 73.000000, 21.000000
1696452380394, 721.000000, 249.000000, 73.000000, 21.000000,230.000000, 73.000000, 20.000000
1696452380461, 720.000000, 216.000000, 72.000000, 21.000000,156.000000, 72.000000, 20.000000
1696452380512, 724.000000, 250.000000, 73.000000, 21.000000,229.000000, 73.000000, 20.000000
1696452380561, 724.000000, 248.000000, 73.000000, 21.000000,232.000000, 73.000000, 20.000000
1696452380608, 695.000000, 250.000000, 73.000000, 21.000000,233.000000, 73.000000, 21.000000
1696452380644, 724.000000, 167.000000, 74.000000, 22.000000,166.000000, 74.000000, 22.000000
1696452380694, 715.000000, 249.000000, 72.000000, 21.000000,233.000000, 73.000000, 20.000000
1696452380741, 651.000000, 245.000000, 73.000000, 21.000000,238.000000, 73.000000, 20.000000
1696452380792, 723.000000, 250.000000, 73.000000, 21.000000,234.000000, 72.000000, 20.000000
1696452380871, 543.000000, 170.000000, 73.000000, 21.000000,132.000000, 73.000000, 20.000000
1696452380930, 704.000000, 247.000000, 73.000000, 21.000000,233.000000, 73.000000, 20.000000
1696452380962, 602.000000, 122.000000, 73.000000, 21.000000,101.000000, 73.000000, 21.000000
1696452381031, 724.000000, 249.000000, 72.000000, 21.000000,232.000000, 72.000000, 21.000000
1696452381063, 655.000000, 248.000000, 73.000000, 21.000000,232.000000, 72.000000, 20.000000
1696452381131, 728.000000, 248.000000, 72.000000, 21.000000,241.000000, 73.000000, 21.000000
1696452381182, 534.000000, 120.000000, 73.000000, 21.000000,106.000000, 72.000000, 20.000000
1696452381213, 726.000000, 248.000000, 73.000000, 21.000000,238.000000, 73.000000, 20.000000
1696452381282, 733.000000, 164.000000, 74.000000, 21.000000,109.000000, 73.000000, 21.000000
1696452381331, 717.000000, 248.000000, 73.000000, 21.000000,240.000000, 73.000000, 21.000000
1696452381363, 567.000000, 123.000000, 73.000000, 22.000000,101.000000, 73.000000, 21.000000
1696452381413, 715.000000, 248.000000, 73.000000, 21.000000,231.000000, 73.000000, 20.000000
1696452381482, 684.000000, 248.000000, 73.000000, 21.000000,153.000000, 74.000000, 22.000000
1696452381531, 708.000000, 249.000000, 73.000000, 21.000000,231.000000, 73.000000, 20.000000
1696452381564, 649.000000, 123.000000, 73.000000, 22.000000,99.000000, 73.000000, 21.000000
1696452381632, 715.000000, 249.000000, 73.000000, 21.000000,231.000000, 72.000000, 21.000000
1696452381663, 668.000000, 249.000000, 73.000000, 21.000000,231.000000, 73.000000, 20.000000
1696452381713, 723.000000, 246.000000, 73.000000, 21.000000,232.000000, 73.000000, 20.000000
1696452381783, 598.000000, 249.000000, 73.000000, 21.000000,232.000000, 72.000000, 20.000000
1696452381836, 723.000000, 247.000000, 73.000000, 21.000000,232.000000, 73.000000, 20.000000
1696452381886, 724.000000, 249.000000, 73.000000, 21.000000,233.000000, 73.000000, 21.000000
1696452381933, 719.000000, 249.000000, 73.000000, 21.000000,231.000000, 73.000000, 20.000000
1696452381984, 624.000000, 248.000000, 73.000000, 21.000000,232.000000, 72.000000, 20.000000
1696452382029, 724.000000, 237.000000, 74.000000, 21.000000,214.000000, 73.000000, 21.000000
1696452382079, 717.000000, 249.000000, 73.000000, 21.000000,232.000000, 73.000000, 21.000000
1696452382127, 727.000000, 192.000000, 73.000000, 21.000000,112.000000, 72.000000, 20.000000
1696452382182, 719.000000, 249.000000, 73.000000, 21.000000,233.000000, 74.000000, 21.000000
1696452382223, 646.000000, 249.000000, 73.000000, 21.000000,233.000000, 72.000000, 20.000000
1696452382274, 726.000000, 248.000000, 73.000000, 21.000000,233.000000, 73.000000, 20.000000
1696452382322, 706.000000, 247.000000, 73.000000, 21.000000,232.000000, 73.000000, 20.000000
1696452382392, 730.000000, 248.000000, 74.000000, 21.000000,240.000000, 73.000000, 21.000000
1696452382441, 704.000000, 250.000000, 73.000000, 21.000000,239.000000, 73.000000, 21.000000
1696452382473, 645.000000, 120.000000, 72.000000, 21.000000,109.000000, 72.000000, 21.000000
1696452382532, 600.000000, 125.000000, 73.000000, 21.000000,111.000000, 74.000000, 21.000000
1696452382582, 733.000000, 248.000000, 72.000000, 21.000000,243.000000, 72.000000, 23.000000
1696452382638, 699.000000, 249.000000, 74.000000, 21.000000,242.000000, 73.000000, 21.000000
1696452382672, 702.000000, 116.000000, 73.000000, 21.000000,101.000000, 74.000000, 21.000000
1696452382740, 615.000000, 249.000000, 74.000000, 21.000000,233.000000, 73.000000, 20.000000
1696452382771, 724.000000, 248.000000, 73.000000, 21.000000,233.000000, 73.000000, 21.000000
1696452382833, 712.000000, 247.000000, 73.000000, 21.000000,233.000000, 73.000000, 20.000000
1696452382889, 717.000000, 249.000000, 73.000000, 21.000000,233.000000, 73.000000, 21.000000
1696452382920, 717.000000, 249.000000, 73.000000, 21.000000,233.000000, 73.000000, 21.000000
1696452382968, 724.000000, 133.000000, 72.000000, 20.000000,102.000000, 74.000000, 20.000000
1696452383032, 717.000000, 248.000000, 73.000000, 21.000000,232.000000, 73.000000, 20.000000
1696452383066, 659.000000, 249.000000, 73.000000, 21.000000,234.000000, 73.000000, 20.000000
1696452383122, 723.000000, 248.000000, 73.000000, 21.000000,232.000000, 73.000000, 20.000000
1696452383163, 717.000000, 249.000000, 73.000000, 21.000000,233.000000, 73.000000, 21.000000
1696452383231, 726.000000, 250.000000, 73.000000, 21.000000,234.000000, 73.000000, 21.000000
1696452383282, 713.000000, 247.000000, 73.000000, 21.000000,232.000000, 73.000000, 20.000000
1696452383334, 722.000000, 247.000000, 73.000000, 21.000000,231.000000, 73.000000, 21.000000
1696452383401, 679.000000, 249.000000, 73.000000, 21.000000,230.000000, 72.000000, 20.000000
1696452383451, 719.000000, 249.000000, 73.000000, 21.000000,231.000000, 74.000000, 20.000000
1696452383500, 653.000000, 249.000000, 73.000000, 21.000000,233.000000, 73.000000, 20.000000
1696452383540, 726.000000, 242.000000, 73.000000, 21.000000,231.000000, 72.000000, 20.000000
1696452383580, 711.000000, 243.000000, 73.000000, 21.000000,233.000000, 74.000000, 21.000000
1696452383631, 544.000000, 210.000000, 73.000000, 22.000000,217.000000, 74.000000, 21.000000
1696452383675, 730.000000, 249.000000, 73.000000, 21.000000,240.000000, 73.000000, 20.000000
1696452383739, 583.000000, 123.000000, 72.000000, 21.000000,108.000000, 74.000000, 21.000000
1696452383775, 730.000000, 250.000000, 73.000000, 22.000000,241.000000, 73.000000, 21.000000
1696452383827, 673.000000, 249.000000, 73.000000, 21.000000,242.000000, 74.000000, 21.000000
1696452383872, 722.000000, 119.000000, 72.000000, 21.000000,112.000000, 74.000000, 22.000000
1696452383940, 695.000000, 248.000000, 72.000000, 21.000000,232.000000, 73.000000, 20.000000
1696452383991, 607.000000, 111.000000, 73.000000, 21.000000,99.000000, 74.000000, 21.000000
1696452384059, 556.000000, 249.000000, 73.000000, 21.000000,232.000000, 74.000000, 21.000000
1696452384092, 721.000000, 248.000000, 73.000000, 21.000000,233.000000, 72.000000, 20.000000
1696452384160, 713.000000, 249.000000, 73.000000, 21.000000,233.000000, 73.000000, 21.000000
1696452384211, 724.000000, 251.000000, 72.000000, 21.000000,233.000000, 73.000000, 21.000000
1696452384262, 711.000000, 248.000000, 72.000000, 21.000000,233.000000, 73.000000, 20.000000
1696452384314, 563.000000, 121.000000, 72.000000, 21.000000,99.000000, 74.000000, 21.000000
1696452384373, 675.000000, 250.000000, 73.000000, 21.000000,230.000000, 73.000000, 21.000000
1696452384429, 693.000000, 135.000000, 72.000000, 21.000000,100.000000, 74.000000, 20.000000
1696452384461, 724.000000, 249.000000, 73.000000, 21.000000,237.000000, 72.000000, 21.000000
1696452384507, 635.000000, 245.000000, 73.000000, 21.000000,232.000000, 73.000000, 20.000000
1696452384551, 724.000000, 248.000000, 73.000000, 21.000000,232.000000, 74.000000, 21.000000
1696452384583, 706.000000, 248.000000, 72.000000, 21.000000,232.000000, 72.000000, 20.000000
1696452384634, 592.000000, 124.000000, 72.000000, 20.000000,100.000000, 73.000000, 20.000000
1696452384681, 719.000000, 246.000000, 73.000000, 21.000000,233.000000, 73.000000, 20.000000
1696452384752, 675.000000, 184.000000, 73.000000, 21.000000,101.000000, 74.000000, 21.000000
1696452384802, 719.000000, 248.000000, 73.000000, 21.000000,232.000000, 73.000000, 21.000000
1696452384872, 680.000000, 182.000000, 73.000000, 21.000000,101.000000, 73.000000, 20.000000
1696452384920, 715.000000, 248.000000, 73.000000, 21.000000,233.000000, 73.000000, 21.000000
1696452384952, 549.000000, 249.000000, 73.000000, 21.000000,240.000000, 72.000000, 20.000000
1696452385020, 697.000000, 249.000000, 72.000000, 21.000000,240.000000, 73.000000, 21.000000
1696452385052, 728.000000, 215.000000, 73.000000, 22.000000,215.000000, 73.000000, 21.000000
1696452385097, 732.000000, 249.000000, 73.000000, 21.000000,243.000000, 72.000000, 20.000000
1696452385148, 651.000000, 247.000000, 73.000000, 21.000000,238.000000, 73.000000, 21.000000
1696452385194, 704.000000, 117.000000, 74.000000, 21.000000,108.000000, 73.000000, 21.000000
1696452385259, 679.000000, 248.000000, 72.000000, 21.000000,231.000000, 73.000000, 20.000000
1696452385295, 719.000000, 248.000000, 74.000000, 21.000000,231.000000, 72.000000, 21.000000
1696452385352, 717.000000, 249.000000, 73.000000, 21.000000,230.000000, 72.000000, 20.000000
1696452385393, 571.000000, 249.000000, 72.000000, 21.000000,232.000000, 73.000000, 20.000000
1696452385438, 722.000000, 249.000000, 73.000000, 21.000000,232.000000, 72.000000, 21.000000
1696452385488, 708.000000, 250.000000, 72.000000, 21.000000,232.000000, 73.000000, 21.000000
1696452385537, 719.000000, 249.000000, 73.000000, 21.000000,231.000000, 72.000000, 20.000000
1696452385587, 697.000000, 249.000000, 73.000000, 21.000000,231.000000, 73.000000, 20.000000
1696452385634, 587.000000, 114.000000, 73.000000, 21.000000,105.000000, 73.000000, 21.000000
1696452385683, 728.000000, 248.000000, 72.000000, 21.000000,241.000000, 73.000000, 20.000000
1696452385729, 671.000000, 247.000000, 72.000000, 21.000000,240.000000, 73.000000, 20.000000
1696452385782, 715.000000, 248.000000, 73.000000, 21.000000,237.000000, 73.000000, 20.000000
1696452385851, 732.000000, 251.000000, 72.000000, 21.000000,241.000000, 72.000000, 21.000000
1696452385901, 711.000000, 250.000000, 73.000000, 21.000000,233.000000, 73.000000, 21.000000
1696452385952, 527.000000, 247.000000, 73.000000, 22.000000,236.000000, 73.000000, 22.000000
1696452386004, 722.000000, 250.000000, 73.000000, 21.000000,232.000000, 72.000000, 20.000000
1696452386049, 692.000000, 248.000000, 72.000000, 21.000000,231.000000, 73.000000, 20.000000
1696452386101, 717.000000, 248.000000, 73.000000, 21.000000,231.000000, 73.000000, 20.000000
1696452386146, 688.000000, 248.000000, 73.000000, 21.000000,230.000000, 72.000000, 21.000000
1696452386196, 611.000000, 115.000000, 73.000000, 21.000000,99.000000, 74.000000, 21.000000
1696452386261, 662.000000, 247.000000, 72.000000, 21.000000,239.000000, 72.000000, 20.000000
1696452386293, 702.000000, 120.000000, 73.000000, 21.000000,108.000000, 74.000000, 21.000000
1696452386344, 723.000000, 249.000000, 73.000000, 21.000000,239.000000, 73.000000, 20.000000
1696452386411, 615.000000, 179.000000, 73.000000, 22.000000,242.000000, 73.000000, 21.000000
1696452386443, 735.000000, 247.000000, 72.000000, 21.000000,240.000000, 73.000000, 21.000000
1696452386488, 715.000000, 248.000000, 72.000000, 21.000000,240.000000, 73.000000, 20.000000
1696452386533, 728.000000, 248.000000, 72.000000, 21.000000,236.000000, 72.000000, 20.000000
1696452386565, 728.000000, 248.000000, 72.000000, 21.000000,236.000000, 72.000000, 20.000000
1696452386630, 722.000000, 185.000000, 73.000000, 21.000000,103.000000, 73.000000, 21.000000
1696452386662, 719.000000, 248.000000, 73.000000, 21.000000,231.000000, 73.000000, 20.000000
1696452386732, 653.000000, 249.000000, 72.000000, 21.000000,230.000000, 73.000000, 20.000000
1696452386779, 702.000000, 248.000000, 73.000000, 21.000000,231.000000, 72.000000, 20.000000
1696452386831, 514.000000, 137.000000, 73.000000, 21.000000,100.000000, 73.000000, 21.000000
1696452386862, 719.000000, 249.000000, 72.000000, 21.000000,232.000000, 72.000000, 20.000000
1696452386932, 655.000000, 249.000000, 73.000000, 21.000000,232.000000, 73.000000, 21.000000
1696452386983, 724.000000, 248.000000, 73.000000, 21.000000,232.000000, 72.000000, 20.000000
1696452387014, 574.000000, 118.000000, 73.000000, 21.000000,99.000000, 73.000000, 21.000000
1696452387063, 719.000000, 248.000000, 73.000000, 21.000000,232.000000, 73.000000, 20.000000
1696452387131, 690.000000, 248.000000, 72.000000, 21.000000,232.000000, 72.000000, 20.000000
1696452387182, 717.000000, 249.000000, 73.000000, 21.000000,232.000000, 73.000000, 20.000000
1696452387233, 657.000000, 248.000000, 72.000000, 21.000000,232.000000, 72.000000, 20.000000
1696452387284, 719.000000, 250.000000, 73.000000, 21.000000,232.000000, 72.000000, 21.000000
1696452387348, 567.000000, 176.000000, 73.000000, 21.000000,234.000000, 73.000000, 21.000000
1696452387400, 724.000000, 247.000000, 73.000000, 21.000000,231.000000, 72.000000, 20.000000
1696452387471, 664.000000, 249.000000, 72.000000, 21.000000,231.000000, 73.000000, 20.000000
1696452387503, 726.000000, 248.000000, 73.000000, 21.000000,239.000000, 72.000000, 20.000000
1696452387572, 657.000000, 249.000000, 73.000000, 21.000000,238.000000, 72.000000, 20.000000
1696452387623, 726.000000, 249.000000, 72.000000, 21.000000,239.000000, 72.000000, 20.000000
1696452387689, 615.000000, 249.000000, 73.000000, 21.000000,241.000000, 72.000000, 21.000000
1696452387722, 730.000000, 249.000000, 72.000000, 21.000000,242.000000, 72.000000, 22.000000
1696452387789, 659.000000, 249.000000, 73.000000, 21.000000,233.000000, 72.000000, 20.000000
1696452387821, 720.000000, 246.000000, 73.000000, 21.000000,231.000000, 72.000000, 20.000000
1696452387891, 699.000000, 249.000000, 73.000000, 21.000000,230.000000, 72.000000, 20.000000
1696452387942, 721.000000, 249.000000, 73.000000, 21.000000,231.000000, 72.000000, 20.000000
1696452387988, 702.000000, 248.000000, 73.000000, 21.000000,230.000000, 73.000000, 21.000000
1696452388038, 605.000000, 120.000000, 72.000000, 21.000000,98.000000, 72.000000, 20.000000
1696452388088, 719.000000, 250.000000, 72.000000, 21.000000,232.000000, 72.000000, 21.000000
1696452388134, 666.000000, 251.000000, 73.000000, 21.000000,232.000000, 73.000000, 21.000000
1696452388184, 719.000000, 250.000000, 73.000000, 21.000000,231.000000, 72.000000, 21.000000
1696452388236, 512.000000, 124.000000, 73.000000, 21.000000,99.000000, 73.000000, 21.000000
1696452388302, 715.000000, 248.000000, 73.000000, 21.000000,231.000000, 73.000000, 20.000000
1696452388334, 715.000000, 248.000000, 73.000000, 21.000000,231.000000, 73.000000, 20.000000
1696452388380, 724.000000, 249.000000, 73.000000, 21.000000,232.000000, 73.000000, 20.000000
1696452388429, 704.000000, 249.000000, 73.000000, 21.000000,233.000000, 73.000000, 21.000000
1696452388478, 589.000000, 118.000000, 73.000000, 21.000000,101.000000, 73.000000, 21.000000
1696452388527, 719.000000, 249.000000, 73.000000, 21.000000,233.000000, 73.000000, 21.000000
1696452388576, 698.000000, 126.000000, 72.000000, 21.000000,101.000000, 74.000000, 20.000000
1696452388625, 717.000000, 249.000000, 73.000000, 21.000000,232.000000, 73.000000, 20.000000
1696452388673, 662.000000, 250.000000, 73.000000, 21.000000,234.000000, 73.000000, 20.000000
1696452388724, 728.000000, 251.000000, 73.000000, 21.000000,232.000000, 73.000000, 20.000000
1696452388774, 702.000000, 249.000000, 73.000000, 21.000000,231.000000, 72.000000, 20.000000
1696452388832, 732.000000, 249.000000, 73.000000, 21.000000,238.000000, 73.000000, 20.000000
1696452388889, 715.000000, 250.000000, 73.000000, 21.000000,239.000000, 72.000000, 21.000000
1696452388920, 585.000000, 117.000000, 73.000000, 21.000000,107.000000, 73.000000, 20.000000
1696452388971, 730.000000, 250.000000, 73.000000, 21.000000,243.000000, 73.000000, 20.000000
1696452389041, 733.000000, 185.000000, 73.000000, 21.000000,109.000000, 73.000000, 20.000000
1696452389093, 717.000000, 250.000000, 73.000000, 21.000000,232.000000, 73.000000, 20.000000
1696452389152, 726.000000, 251.000000, 73.000000, 21.000000,231.000000, 73.000000, 21.000000
1696452389195, 706.000000, 248.000000, 72.000000, 21.000000,228.000000, 73.000000, 21.000000
1696452389258, 450.000000, 105.000000, 73.000000, 21.000000,88.000000, 74.000000, 21.000000
1696452389330, 442.000000, 102.000000, 73.000000, 21.000000,87.000000, 73.000000, 21.000000
1696452389375, 439.000000, 101.000000, 73.000000, 21.000000,84.000000, 74.000000, 21.000000
1696452389427, 435.000000, 99.000000, 73.000000, 21.000000,80.000000, 73.000000, 21.000000
1696452389490, 449.000000, 108.000000, 73.000000, 21.000000,84.000000, 74.000000, 21.000000
1696452389545, 452.000000, 104.000000, 88.000000, 21.000000,96.000000, 73.000000, 21.000000
1696452389596, 538.000000, 102.000000, 109.000000, 21.000000,83.000000, 105.000000, 21.000000
1696452389628, 501.000000, 99.000000, 104.000000, 21.000000,89.000000, 105.000000, 21.000000
1696452389670, 508.000000, 103.000000, 105.000000, 22.000000,82.000000, 106.000000, 21.000000
1696452389725, 509.000000, 103.000000, 105.000000, 21.000000,89.000000, 106.000000, 21.000000
1696452389763, 511.000000, 104.000000, 105.000000, 21.000000,88.000000, 106.000000, 20.000000
1696452389827, 497.000000, 97.000000, 106.000000, 21.000000,82.000000, 106.000000, 21.000000
1696452389867, 506.000000, 98.000000, 105.000000, 21.000000,90.000000, 106.000000, 21.000000
1696452389913, 496.000000, 96.000000, 105.000000, 21.000000,82.000000, 106.000000, 21.000000
1696452389961, 493.000000, 102.000000, 105.000000, 21.000000,82.000000, 106.000000, 21.000000
1696452390012, 493.000000, 96.000000, 106.000000, 21.000000,82.000000, 106.000000, 21.000000
1696452390063, 503.000000, 95.000000, 105.000000, 21.000000,92.000000, 106.000000, 21.000000
1696452390112, 500.000000, 95.000000, 105.000000, 21.000000,89.000000, 106.000000, 20.000000
1696452390162, 509.000000, 98.000000, 105.000000, 21.000000,99.000000, 106.000000, 21.000000
1696452390212, 506.000000, 94.000000, 105.000000, 21.000000,90.000000, 106.000000, 21.000000
1696452390263, 501.000000, 100.000000, 105.000000, 21.000000,89.000000, 106.000000, 21.000000
1696452390312, 500.000000, 94.000000, 105.000000, 21.000000,89.000000, 106.000000, 20.000000
1696452390362, 493.000000, 97.000000, 105.000000, 21.000000,82.000000, 106.000000, 20.000000
1696452390411, 491.000000, 94.000000, 105.000000, 21.000000,82.000000, 105.000000, 21.000000
1696452390462, 492.000000, 101.000000, 105.000000, 21.000000,81.000000, 107.000000, 21.000000
1696452390512, 490.000000, 94.000000, 106.000000, 21.000000,82.000000, 106.000000, 21.000000
1696452390561, 492.000000, 95.000000, 106.000000, 21.000000,82.000000, 107.000000, 21.000000
1696452390612, 492.000000, 92.000000, 105.000000, 21.000000,81.000000, 107.000000, 20.000000
1696452390662, 492.000000, 99.000000, 105.000000, 21.000000,81.000000, 106.000000, 21.000000
1696452390712, 494.000000, 93.000000, 106.000000, 21.000000,83.000000, 107.000000, 21.000000
1696452390762, 494.000000, 96.000000, 105.000000, 21.000000,83.000000, 106.000000, 21.000000
1696452390806, 494.000000, 93.000000, 105.000000, 21.000000,82.000000, 106.000000, 20.000000
