Timestamp (ms),Node Power (W),Socket 0 CPU Power (W),Socket 0 GPU Power (W),Socket 0 Mem Power (W),Socket 1 CPU Power (W),Socket 1 GPU Power (W),Socket 1 Mem Power (W)
1696452338848, 461.000000, 118.000000, 67.000000, 21.000000,138.000000, 67.000000, 21.000000
1696452338880, 457.000000, 133.000000, 67.000000, 20.000000,131.000000, 67.000000, 20.000000
1696452338927, 415.000000, 103.000000, 67.000000, 21.000000,115.000000, 67.000000, 21.000000
1696452338977, 433.000000, 128.000000, 67.000000, 26.000000,118.000000, 68.000000, 24.000000
1696452339029, 428.000000, 119.000000, 68.000000, 21.000000,110.000000, 67.000000, 21.000000
1696452339077, 448.000000, 127.000000, 67.000000, 23.000000,118.000000, 67.000000, 23.000000
1696452339127, 446.000000, 125.000000, 67.000000, 21.000000,121.000000, 68.000000, 21.000000
1696452339178, 431.000000, 125.000000, 67.000000, 21.000000,122.000000, 67.000000, 25.000000
1696452339228, 442.000000, 123.000000, 67.000000, 20.000000,115.000000, 67.000000, 20.000000
1696452339277, 435.000000, 121.000000, 67.000000, 21.000000,117.000000, 67.000000, 22.000000
1696452339326, 428.000000, 121.000000, 67.000000, 21.000000,113.000000, 67.000000, 21.000000
1696452339378, 437.000000, 123.000000, 67.000000, 20.000000,116.000000, 67.000000, 21.000000
1696452339428, 426.000000, 118.000000, 67.000000, 21.000000,110.000000, 67.000000, 21.000000
1696452339495, 644.000000, 229.000000, 67.000000, 20.000000,231.000000, 67.000000, 20.000000
1696452339544, 624.000000, 217.000000, 68.000000, 20.000000,217.000000, 67.000000, 21.000000
1696452339577, 578.000000, 157.000000, 67.000000, 21.000000,170.000000, 68.000000, 21.000000
1696452339644, 417.000000, 189.000000, 68.000000, 21.000000,138.000000, 67.000000, 21.000000
1696452339677, 644.000000, 227.000000, 69.000000, 21.000000,228.000000, 67.000000, 22.000000
1696452339728, 646.000000, 225.000000, 67.000000, 21.000000,221.000000, 67.000000, 21.000000
1696452339777, 422.000000, 114.000000, 68.000000, 21.000000,119.000000, 68.000000, 21.000000
1696452339829, 409.000000, 99.000000, 67.000000, 21.000000,102.000000, 68.000000, 21.000000
1696452339897, 644.000000, 228.000000, 67.000000, 21.000000,223.000000, 67.000000, 21.000000
1696452339947, 655.000000, 230.000000, 67.000000, 21.000000,231.000000, 67.000000, 21.000000
1696452339995, 639.000000, 231.000000, 67.000000, 21.000000,230.000000, 67.000000, 22.000000
1696452340048, 648.000000, 223.000000, 68.000000, 21.000000,230.000000, 67.000000, 21.000000
1696452340081, 400.000000, 94.000000, 67.000000, 21.000000,108.000000, 67.000000, 21.000000
1696452340142, 655.000000, 230.000000, 67.000000, 21.000000,240.000000, 67.000000, 21.000000
1696452340195, 424.000000, 100.000000, 67.000000, 21.000000,119.000000, 67.000000, 21.000000
1696452340245, 657.000000, 230.000000, 67.000000, 20.000000,240.000000, 67.000000, 21.000000
1696452340296, 444.000000, 101.000000, 67.000000, 20.000000,110.000000, 67.000000, 21.000000
1696452340364, 653.000000, 231.000000, 67.000000, 21.000000,232.000000, 67.000000, 21.000000
1696452340412, 646.000000, 230.000000, 67.000000, 21.000000,232.000000, 67.000000, 21.000000
1696452340461, 653.000000, 232.000000, 67.000000, 21.000000,234.000000, 67.000000, 21.000000
1696452340492, 653.000000, 232.000000, 67.000000, 21.000000,234.000000, 67.000000, 21.000000
1696452340541, 653.000000, 231.000000, 67.000000, 20.000000,234.000000, 67.000000, 20.000000
1696452340596, 653.000000, 231.000000, 68.000000, 20.000000,233.000000, 67.000000, 21.000000
1696452340638, 420.000000, 154.000000, 69.000000, 22.000000,174.000000, 69.000000, 23.000000
1696452340686, 655.000000, 232.000000, 67.000000, 20.000000,234.000000, 67.000000, 20.000000
1696452340754, 602.000000, 231.000000, 67.000000, 20.000000,233.000000, 67.000000, 21.000000
1696452340805, 659.000000, 232.000000, 67.000000, 20.000000,233.000000, 67.000000, 21.000000
1696452340856, 431.000000, 101.000000, 67.000000, 20.000000,110.000000, 67.000000, 20.000000
1696452340907, 657.000000, 231.000000, 67.000000, 20.000000,233.000000, 67.000000, 21.000000
1696452340975, 650.000000, 231.000000, 67.000000, 21.000000,232.000000, 67.000000, 21.000000
1696452341006, 457.000000, 102.000000, 67.000000, 21.000000,108.000000, 67.000000, 21.000000
1696452341072, 650.000000, 232.000000, 67.000000, 21.000000,235.000000, 67.000000, 21.000000
1696452341104, 652.000000, 232.000000, 67.000000, 21.000000,229.000000, 67.000000, 21.000000
1696452341150, 653.000000, 232.000000, 67.000000, 20.000000,234.000000, 67.000000, 21.000000
1696452341199, 420.000000, 214.000000, 69.000000, 21.000000,190.000000, 69.000000, 22.000000
1696452341250, 657.000000, 233.000000, 68.000000, 20.000000,233.000000, 67.000000, 21.000000
1696452341314, 483.000000, 103.000000, 67.000000, 21.000000,177.000000, 67.000000, 21.000000
1696452341364, 672.000000, 232.000000, 67.000000, 20.000000,241.000000, 67.000000, 21.000000
1696452341412, 670.000000, 229.000000, 67.000000, 20.000000,243.000000, 67.000000, 21.000000
1696452341446, 631.000000, 104.000000, 68.000000, 21.000000,117.000000, 68.000000, 21.000000
1696452341496, 677.000000, 232.000000, 67.000000, 21.000000,242.000000, 67.000000, 22.000000
1696452341547, 672.000000, 232.000000, 68.000000, 21.000000,244.000000, 67.000000, 21.000000
1696452341596, 657.000000, 231.000000, 67.000000, 20.000000,234.000000, 67.000000, 21.000000
1696452341646, 657.000000, 232.000000, 67.000000, 20.000000,235.000000, 67.000000, 21.000000
1696452341693, 654.000000, 232.000000, 69.000000, 21.000000,235.000000, 67.000000, 21.000000
1696452341765, 653.000000, 232.000000, 68.000000, 21.000000,235.000000, 67.000000, 21.000000
1696452341816, 650.000000, 232.000000, 69.000000, 20.000000,235.000000, 67.000000, 21.000000
1696452341865, 650.000000, 232.000000, 68.000000, 21.000000,235.000000, 67.000000, 21.000000
1696452341911, 646.000000, 232.000000, 69.000000, 21.000000,235.000000, 67.000000, 21.000000
1696452341974, 435.000000, 101.000000, 67.000000, 21.000000,114.000000, 67.000000, 21.000000
1696452342012, 646.000000, 232.000000, 67.000000, 20.000000,234.000000, 67.000000, 21.000000
1696452342058, 644.000000, 231.000000, 69.000000, 20.000000,233.000000, 67.000000, 21.000000
1696452342105, 646.000000, 232.000000, 68.000000, 21.000000,234.000000, 67.000000, 21.000000
1696452342141, 433.000000, 101.000000, 68.000000, 21.000000,110.000000, 67.000000, 21.000000
1696452342190, 666.000000, 231.000000, 67.000000, 21.000000,235.000000, 67.000000, 21.000000
1696452342241, 417.000000, 103.000000, 68.000000, 20.000000,107.000000, 67.000000, 20.000000
1696452342290, 653.000000, 232.000000, 68.000000, 20.000000,235.000000, 67.000000, 20.000000
1696452342352, 479.000000, 102.000000, 67.000000, 20.000000,128.000000, 68.000000, 21.000000
1696452342389, 648.000000, 232.000000, 68.000000, 21.000000,237.000000, 67.000000, 21.000000
1696452342438, 646.000000, 231.000000, 67.000000, 21.000000,235.000000, 67.000000, 21.000000
1696452342488, 661.000000, 233.000000, 68.000000, 20.000000,236.000000, 67.000000, 21.000000
1696452342538, 655.000000, 232.000000, 68.000000, 20.000000,235.000000, 67.000000, 21.000000
1696452342595, 670.000000, 233.000000, 67.000000, 20.000000,243.000000, 67.000000, 21.000000
1696452342638, 661.000000, 231.000000, 68.000000, 21.000000,242.000000, 67.000000, 21.000000
1696452342688, 657.000000, 232.000000, 67.000000, 21.000000,241.000000, 67.000000, 21.000000
1696452342740, 435.000000, 103.000000, 68.000000, 21.000000,118.000000, 68.000000, 21.000000
1696452342795, 655.000000, 232.000000, 67.000000, 20.000000,241.000000, 67.000000, 21.000000
1696452342836, 659.000000, 231.000000, 67.000000, 20.000000,242.000000, 67.000000, 21.000000
1696452342886, 494.000000, 102.000000, 67.000000, 20.000000,104.000000, 67.000000, 20.000000
1696452342937, 653.000000, 232.000000, 67.000000, 20.000000,231.000000, 67.000000, 21.000000
1696452342995, 672.000000, 232.000000, 68.000000, 20.000000,229.000000, 68.000000, 21.000000
1696452343031, 655.000000, 233.000000, 67.000000, 21.000000,233.000000, 67.000000, 21.000000
1696452343082, 637.000000, 232.000000, 67.000000, 20.000000,234.000000, 67.000000, 20.000000
1696452343152, 650.000000, 233.000000, 67.000000, 21.000000,233.000000, 67.000000, 21.000000
1696452343204, 415.000000, 106.000000, 67.000000, 20.000000,126.000000, 67.000000, 21.000000
1696452343252, 657.000000, 232.000000, 68.000000, 21.000000,233.000000, 69.000000, 21.000000
1696452343304, 654.000000, 233.000000, 67.000000, 21.000000,234.000000, 67.000000, 21.000000
1696452343356, 655.000000, 231.000000, 68.000000, 21.000000,233.000000, 68.000000, 21.000000
1696452343424, 655.000000, 233.000000, 67.000000, 21.000000,236.000000, 67.000000, 21.000000
1696452343474, 655.000000, 232.000000, 68.000000, 21.000000,233.000000, 68.000000, 21.000000
1696452343526, 433.000000, 101.000000, 67.000000, 20.000000,109.000000, 68.000000, 21.000000
1696452343594, 646.000000, 232.000000, 68.000000, 20.000000,233.000000, 67.000000, 20.000000
1696452343642, 602.000000, 104.000000, 68.000000, 21.000000,101.000000, 69.000000, 21.000000
1696452343693, 648.000000, 232.000000, 67.000000, 20.000000,234.000000, 67.000000, 21.000000
1696452343725, 633.000000, 232.000000, 68.000000, 20.000000,233.000000, 67.000000, 21.000000
1696452343771, 661.000000, 232.000000, 67.000000, 20.000000,235.000000, 67.000000, 21.000000
1696452343821, 646.000000, 232.000000, 67.000000, 20.000000,235.000000, 67.000000, 20.000000
1696452343872, 667.000000, 232.000000, 67.000000, 20.000000,241.000000, 68.000000, 21.000000
1696452343917, 659.000000, 231.000000, 67.000000, 20.000000,243.000000, 67.000000, 21.000000
1696452343967, 439.000000, 102.000000, 67.000000, 20.000000,117.000000, 67.000000, 21.000000
1696452344018, 670.000000, 233.000000, 67.000000, 20.000000,245.000000, 68.000000, 21.000000
1696452344065, 512.000000, 103.000000, 67.000000, 21.000000,127.000000, 67.000000, 21.000000
1696452344112, 659.000000, 232.000000, 67.000000, 20.000000,236.000000, 68.000000, 21.000000
1696452344162, 637.000000, 233.000000, 67.000000, 21.000000,233.000000, 67.000000, 21.000000
1696452344212, 666.000000, 232.000000, 67.000000, 20.000000,234.000000, 67.000000, 20.000000
1696452344262, 655.000000, 232.000000, 67.000000, 21.000000,234.000000, 68.000000, 21.000000
1696452344325, 670.000000, 231.000000, 67.000000, 20.000000,232.000000, 67.000000, 21.000000
1696452344361, 653.000000, 233.000000, 67.000000, 21.000000,231.000000, 67.000000, 21.000000
1696452344411, 642.000000, 180.000000, 68.000000, 21.000000,204.000000, 68.000000, 21.000000
1696452344462, 661.000000, 234.000000, 67.000000, 21.000000,239.000000, 67.000000, 24.000000
1696452344507, 655.000000, 234.000000, 67.000000, 21.000000,235.000000, 67.000000, 21.000000
1696452344557, 657.000000, 232.000000, 67.000000, 20.000000,235.000000, 67.000000, 21.000000
1696452344607, 431.000000, 102.000000, 67.000000, 20.000000,110.000000, 68.000000, 21.000000
1696452344658, 661.000000, 233.000000, 67.000000, 20.000000,236.000000, 67.000000, 21.000000
1696452344722, 431.000000, 103.000000, 67.000000, 21.000000,113.000000, 68.000000, 21.000000
1696452344754, 670.000000, 232.000000, 67.000000, 20.000000,235.000000, 68.000000, 21.000000
1696452344802, 652.000000, 231.000000, 68.000000, 21.000000,237.000000, 68.000000, 21.000000
1696452344854, 655.000000, 233.000000, 67.000000, 20.000000,236.000000, 67.000000, 21.000000
1696452344924, 426.000000, 103.000000, 69.000000, 21.000000,108.000000, 68.000000, 21.000000
1696452344976, 657.000000, 233.000000, 67.000000, 20.000000,234.000000, 67.000000, 21.000000
1696452345026, 477.000000, 102.000000, 68.000000, 21.000000,166.000000, 68.000000, 21.000000
1696452345076, 653.000000, 233.000000, 67.000000, 21.000000,234.000000, 67.000000, 21.000000
1696452345145, 657.000000, 233.000000, 68.000000, 20.000000,236.000000, 67.000000, 21.000000
1696452345194, 657.000000, 232.000000, 67.000000, 20.000000,241.000000, 67.000000, 21.000000
1696452345246, 657.000000, 232.000000, 67.000000, 20.000000,241.000000, 67.000000, 21.000000
1696452345296, 666.000000, 233.000000, 68.000000, 21.000000,244.000000, 67.000000, 21.000000
1696452345346, 670.000000, 186.000000, 69.000000, 22.000000,209.000000, 68.000000, 22.000000
1696452345406, 659.000000, 232.000000, 68.000000, 20.000000,236.000000, 67.000000, 21.000000
1696452345445, 648.000000, 232.000000, 67.000000, 20.000000,237.000000, 67.000000, 21.000000
1696452345496, 666.000000, 233.000000, 68.000000, 21.000000,235.000000, 67.000000, 21.000000
1696452345542, 656.000000, 232.000000, 67.000000, 20.000000,234.000000, 67.000000, 20.000000
1696452345591, 664.000000, 232.000000, 68.000000, 20.000000,236.000000, 67.000000, 21.000000
1696452345640, 650.000000, 231.000000, 68.000000, 20.000000,233.000000, 67.000000, 21.000000
1696452345688, 558.000000, 233.000000, 67.000000, 21.000000,232.000000, 67.000000, 21.000000
1696452345737, 668.000000, 232.000000, 67.000000, 20.000000,234.000000, 67.000000, 21.000000
1696452345796, 415.000000, 103.000000, 67.000000, 20.000000,101.000000, 67.000000, 20.000000
1696452345835, 670.000000, 232.000000, 67.000000, 21.000000,236.000000, 67.000000, 21.000000
1696452345882, 655.000000, 233.000000, 68.000000, 21.000000,236.000000, 67.000000, 21.000000
1696452345945, 431.000000, 103.000000, 67.000000, 20.000000,104.000000, 67.000000, 21.000000
1696452345979, 670.000000, 234.000000, 67.000000, 21.000000,236.000000, 67.000000, 21.000000
1696452346035, 477.000000, 103.000000, 68.000000, 21.000000,167.000000, 68.000000, 21.000000
1696452346093, 670.000000, 233.000000, 67.000000, 20.000000,234.000000, 67.000000, 21.000000
1696452346127, 661.000000, 232.000000, 68.000000, 20.000000,231.000000, 67.000000, 21.000000
1696452346196, 661.000000, 232.000000, 67.000000, 20.000000,234.000000, 67.000000, 21.000000
1696452346244, 433.000000, 103.000000, 68.000000, 21.000000,113.000000, 67.000000, 21.000000
1696452346285, 655.000000, 233.000000, 67.000000, 20.000000,236.000000, 67.000000, 20.000000
1696452346328, 644.000000, 233.000000, 67.000000, 20.000000,235.000000, 67.000000, 21.000000
1696452346392, 666.000000, 232.000000, 68.000000, 20.000000,242.000000, 68.000000, 21.000000
1696452346429, 461.000000, 103.000000, 67.000000, 20.000000,116.000000, 67.000000, 21.000000
1696452346478, 675.000000, 232.000000, 68.000000, 20.000000,243.000000, 67.000000, 21.000000
1696452346527, 670.000000, 232.000000, 67.000000, 20.000000,243.000000, 68.000000, 21.000000
1696452346595, 679.000000, 232.000000, 68.000000, 20.000000,247.000000, 67.000000, 21.000000
1696452346644, 450.000000, 232.000000, 67.000000, 20.000000,240.000000, 67.000000, 21.000000
1696452346693, 655.000000, 232.000000, 67.000000, 21.000000,237.000000, 67.000000, 21.000000
1696452346744, 659.000000, 232.000000, 68.000000, 20.000000,235.000000, 67.000000, 21.000000
1696452346796, 670.000000, 232.000000, 67.000000, 21.000000,242.000000, 67.000000, 21.000000
1696452346846, 652.000000, 233.000000, 68.000000, 21.000000,234.000000, 67.000000, 21.000000
1696452346914, 654.000000, 233.000000, 67.000000, 21.000000,234.000000, 67.000000, 21.000000
1696452346963, 595.000000, 233.000000, 69.000000, 21.000000,234.000000, 67.000000, 21.000000
1696452346995, 675.000000, 233.000000, 67.000000, 20.000000,234.000000, 69.000000, 21.000000
1696452347046, 642.000000, 232.000000, 67.000000, 20.000000,236.000000, 67.000000, 21.000000
1696452347105, 470.000000, 103.000000, 68.000000, 21.000000,170.000000, 67.000000, 21.000000
1696452347153, 644.000000, 232.000000, 67.000000, 20.000000,235.000000, 67.000000, 21.000000
1696452347192, 655.000000, 232.000000, 69.000000, 21.000000,230.000000, 68.000000, 21.000000
1696452347240, 672.000000, 232.000000, 67.000000, 20.000000,235.000000, 68.000000, 21.000000
1696452347291, 406.000000, 103.000000, 67.000000, 21.000000,105.000000, 67.000000, 21.000000
1696452347342, 655.000000, 232.000000, 68.000000, 20.000000,236.000000, 67.000000, 21.000000
1696452347388, 670.000000, 233.000000, 68.000000, 21.000000,236.000000, 68.000000, 21.000000
1696452347438, 655.000000, 233.000000, 68.000000, 20.000000,235.000000, 67.000000, 21.000000
1696452347487, 670.000000, 233.000000, 68.000000, 21.000000,235.000000, 68.000000, 21.000000
1696452347539, 653.000000, 233.000000, 67.000000, 20.000000,236.000000, 67.000000, 21.000000
1696452347586, 654.000000, 233.000000, 68.000000, 21.000000,236.000000, 68.000000, 21.000000
1696452347645, 655.000000, 234.000000, 67.000000, 21.000000,236.000000, 67.000000, 21.000000
1696452347685, 670.000000, 232.000000, 67.000000, 20.000000,242.000000, 68.000000, 20.000000
1696452347745, 435.000000, 103.000000, 68.000000, 21.000000,143.000000, 69.000000, 21.000000
1696452347801, 657.000000, 233.000000, 67.000000, 21.000000,242.000000, 68.000000, 21.000000
1696452347833, 672.000000, 232.000000, 68.000000, 21.000000,226.000000, 68.000000, 21.000000
1696452347896, 670.000000, 232.000000, 68.000000, 20.000000,245.000000, 67.000000, 21.000000
1696452347951, 661.000000, 232.000000, 67.000000, 20.000000,238.000000, 67.000000, 21.000000
1696452347983, 661.000000, 232.000000, 67.000000, 20.000000,238.000000, 67.000000, 21.000000
1696452348034, 655.000000, 233.000000, 67.000000, 21.000000,234.000000, 68.000000, 21.000000
1696452348095, 657.000000, 232.000000, 68.000000, 21.000000,235.000000, 67.000000, 21.000000
1696452348155, 655.000000, 232.000000, 67.000000, 21.000000,234.000000, 68.000000, 21.000000
1696452348206, 652.000000, 232.000000, 67.000000, 20.000000,235.000000, 67.000000, 21.000000
1696452348252, 424.000000, 103.000000, 68.000000, 21.000000,105.000000, 68.000000, 21.000000
1696452348312, 650.000000, 232.000000, 67.000000, 21.000000,234.000000, 67.000000, 21.000000
1696452348353, 448.000000, 102.000000, 68.000000, 20.000000,114.000000, 67.000000, 21.000000
1696452348399, 670.000000, 233.000000, 67.000000, 20.000000,236.000000, 67.000000, 21.000000
1696452348449, 653.000000, 232.000000, 67.000000, 20.000000,235.000000, 67.000000, 21.000000
1696452348496, 488.000000, 104.000000, 69.000000, 21.000000,171.000000, 68.000000, 21.000000
1696452348549, 661.000000, 233.000000, 67.000000, 20.000000,236.000000, 67.000000, 21.000000
1696452348618, 657.000000, 234.000000, 69.000000, 21.000000,236.000000, 67.000000, 21.000000
1696452348669, 659.000000, 233.000000, 67.000000, 20.000000,236.000000, 67.000000, 21.000000
1696452348720, 655.000000, 233.000000, 69.000000, 20.000000,236.000000, 67.000000, 21.000000
1696452348767, 659.000000, 232.000000, 67.000000, 20.000000,236.000000, 67.000000, 21.000000
1696452348817, 428.000000, 103.000000, 69.000000, 21.000000,138.000000, 68.000000, 21.000000
1696452348867, 650.000000, 232.000000, 69.000000, 20.000000,234.000000, 67.000000, 21.000000
1696452348917, 661.000000, 233.000000, 68.000000, 21.000000,228.000000, 67.000000, 21.000000
1696452348984, 650.000000, 234.000000, 69.000000, 21.000000,242.000000, 68.000000, 21.000000
1696452349031, 448.000000, 105.000000, 67.000000, 21.000000,114.000000, 67.000000, 21.000000
1696452349069, 670.000000, 233.000000, 67.000000, 21.000000,241.000000, 67.000000, 23.000000
1696452349139, 675.000000, 231.000000, 67.000000, 21.000000,244.000000, 67.000000, 21.000000
1696452349189, 661.000000, 233.000000, 68.000000, 20.000000,245.000000, 67.000000, 21.000000
1696452349240, 670.000000, 232.000000, 67.000000, 20.000000,236.000000, 67.000000, 21.000000
1696452349295, 648.000000, 233.000000, 68.000000, 20.000000,235.000000, 67.000000, 21.000000
1696452349336, 417.000000, 105.000000, 68.000000, 21.000000,105.000000, 69.000000, 21.000000
1696452349386, 659.000000, 233.000000, 67.000000, 20.000000,234.000000, 67.000000, 21.000000
1696452349445, 431.000000, 105.000000, 67.000000, 20.000000,111.000000, 69.000000, 21.000000
1696452349482, 650.000000, 233.000000, 67.000000, 20.000000,232.000000, 67.000000, 21.000000
1696452349554, 670.000000, 212.000000, 68.000000, 21.000000,208.000000, 68.000000, 21.000000
1696452349623, 654.000000, 232.000000, 68.000000, 21.000000,235.000000, 67.000000, 21.000000
1696452349685, 661.000000, 202.000000, 68.000000, 21.000000,203.000000, 68.000000, 21.000000
1696452349726, 655.000000, 235.000000, 67.000000, 21.000000,231.000000, 67.000000, 21.000000
1696452349775, 417.000000, 103.000000, 67.000000, 21.000000,102.000000, 68.000000, 21.000000
1696452349807, 652.000000, 233.000000, 69.000000, 21.000000,236.000000, 68.000000, 21.000000
1696452349872, 637.000000, 232.000000, 67.000000, 21.000000,230.000000, 67.000000, 21.000000
1696452349915, 648.000000, 233.000000, 68.000000, 20.000000,234.000000, 68.000000, 21.000000
1696452349956, 466.000000, 105.000000, 68.000000, 21.000000,109.000000, 67.000000, 21.000000
1696452350037, 417.000000, 104.000000, 68.000000, 21.000000,108.000000, 68.000000, 20.000000
1696452350095, 675.000000, 233.000000, 68.000000, 20.000000,240.000000, 67.000000, 21.000000
1696452350131, 646.000000, 233.000000, 67.000000, 21.000000,234.000000, 67.000000, 21.000000
1696452350195, 659.000000, 233.000000, 68.000000, 20.000000,234.000000, 67.000000, 21.000000
1696452350241, 650.000000, 233.000000, 67.000000, 21.000000,241.000000, 67.000000, 21.000000
1696452350279, 657.000000, 233.000000, 68.000000, 20.000000,241.000000, 68.000000, 21.000000
1696452350344, 670.000000, 233.000000, 68.000000, 21.000000,243.000000, 67.000000, 21.000000
1696452350394, 670.000000, 233.000000, 67.000000, 21.000000,241.000000, 67.000000, 21.000000
1696452350456, 670.000000, 233.000000, 67.000000, 20.000000,243.000000, 67.000000, 21.000000
1696452350502, 466.000000, 103.000000, 67.000000, 20.000000,113.000000, 67.000000, 20.000000
1696452350548, 657.000000, 233.000000, 68.000000, 20.000000,236.000000, 68.000000, 21.000000
1696452350598, 670.000000, 233.000000, 67.000000, 20.000000,234.000000, 68.000000, 21.000000
1696452350649, 657.000000, 233.000000, 68.000000, 21.000000,234.000000, 68.000000, 21.000000
1696452350705, 654.000000, 232.000000, 67.000000, 20.000000,231.000000, 67.000000, 21.000000
1696452350747, 657.000000, 233.000000, 67.000000, 21.000000,236.000000, 67.000000, 21.000000
1696452350797, 483.000000, 105.000000, 67.000000, 21.000000,162.000000, 67.000000, 21.000000
1696452350864, 657.000000, 233.000000, 67.000000, 20.000000,236.000000, 67.000000, 21.000000
1696452350912, 650.000000, 232.000000, 67.000000, 20.000000,234.000000, 67.000000, 20.000000
1696452350953, 666.000000, 199.000000, 69.000000, 21.000000,213.000000, 68.000000, 21.000000
1696452350993, 655.000000, 233.000000, 67.000000, 20.000000,232.000000, 67.000000, 21.000000
1696452351042, 670.000000, 233.000000, 67.000000, 21.000000,241.000000, 67.000000, 21.000000
1696452351088, 655.000000, 234.000000, 67.000000, 21.000000,235.000000, 67.000000, 21.000000
1696452351139, 411.000000, 103.000000, 67.000000, 21.000000,99.000000, 68.000000, 21.000000
1696452351187, 672.000000, 234.000000, 68.000000, 21.000000,238.000000, 67.000000, 21.000000
1696452351237, 437.000000, 104.000000, 67.000000, 20.000000,108.000000, 68.000000, 21.000000
1696452351304, 670.000000, 233.000000, 67.000000, 20.000000,236.000000, 67.000000, 21.000000
1696452351352, 655.000000, 232.000000, 67.000000, 20.000000,233.000000, 68.000000, 20.000000
1696452351403, 657.000000, 233.000000, 67.000000, 20.000000,235.000000, 67.000000, 21.000000
1696452351454, 650.000000, 233.000000, 67.000000, 21.000000,234.000000, 68.000000, 21.000000
1696452351503, 659.000000, 233.000000, 67.000000, 20.000000,234.000000, 68.000000, 21.000000
1696452351552, 668.000000, 234.000000, 67.000000, 21.000000,240.000000, 67.000000, 21.000000
1696452351605, 672.000000, 234.000000, 67.000000, 21.000000,241.000000, 68.000000, 23.000000
1696452351674, 670.000000, 232.000000, 67.000000, 20.000000,244.000000, 67.000000, 21.000000
1696452351722, 672.000000, 232.000000, 67.000000, 20.000000,245.000000, 68.000000, 21.000000
1696452351759, 431.000000, 105.000000, 68.000000, 21.000000,117.000000, 68.000000, 21.000000
1696452351806, 657.000000, 233.000000, 67.000000, 20.000000,236.000000, 68.000000, 21.000000
1696452351865, 666.000000, 232.000000, 67.000000, 20.000000,236.000000, 67.000000, 21.000000
1696452351902, 450.000000, 107.000000, 69.000000, 21.000000,108.000000, 68.000000, 21.000000
1696452351954, 648.000000, 232.000000, 67.000000, 20.000000,235.000000, 67.000000, 21.000000
1696452352024, 650.000000, 232.000000, 68.000000, 20.000000,234.000000, 67.000000, 21.000000
1696452352076, 650.000000, 234.000000, 68.000000, 20.000000,234.000000, 68.000000, 21.000000
1696452352125, 653.000000, 232.000000, 68.000000, 20.000000,235.000000, 67.000000, 21.000000
1696452352193, 657.000000, 231.000000, 68.000000, 20.000000,234.000000, 67.000000, 21.000000
1696452352230, 664.000000, 230.000000, 68.000000, 20.000000,237.000000, 67.000000, 21.000000
1696452352280, 494.000000, 106.000000, 68.000000, 21.000000,171.000000, 69.000000, 21.000000
1696452352330, 657.000000, 233.000000, 67.000000, 21.000000,236.000000, 67.000000, 21.000000
1696452352377, 657.000000, 233.000000, 68.000000, 20.000000,233.000000, 67.000000, 21.000000
1696452352443, 648.000000, 232.000000, 67.000000, 21.000000,240.000000, 67.000000, 22.000000
1696452352480, 439.000000, 105.000000, 68.000000, 21.000000,114.000000, 68.000000, 22.000000
1696452352526, 655.000000, 233.000000, 67.000000, 20.000000,236.000000, 68.000000, 21.000000
1696452352577, 646.000000, 233.000000, 67.000000, 21.000000,236.000000, 67.000000, 21.000000
1696452352625, 523.000000, 105.000000, 68.000000, 21.000000,171.000000, 68.000000, 21.000000
1696452352694, 650.000000, 233.000000, 67.000000, 21.000000,236.000000, 67.000000, 21.000000
1696452352726, 670.000000, 233.000000, 69.000000, 21.000000,237.000000, 67.000000, 21.000000
1696452352796, 648.000000, 232.000000, 67.000000, 21.000000,237.000000, 68.000000, 21.000000
1696452352847, 675.000000, 234.000000, 69.000000, 21.000000,243.000000, 68.000000, 21.000000
1696452352905, 657.000000, 232.000000, 67.000000, 21.000000,242.000000, 68.000000, 21.000000
1696452352944, 429.000000, 105.000000, 68.000000, 20.000000,112.000000, 68.000000, 21.000000
1696452352996, 675.000000, 232.000000, 69.000000, 20.000000,243.000000, 68.000000, 21.000000
1696452353042, 668.000000, 232.000000, 67.000000, 21.000000,243.000000, 67.000000, 21.000000
1696452353091, 670.000000, 232.000000, 69.000000, 21.000000,237.000000, 69.000000, 21.000000
1696452353140, 628.000000, 233.000000, 68.000000, 20.000000,234.000000, 67.000000, 21.000000
1696452353191, 659.000000, 233.000000, 67.000000, 20.000000,237.000000, 67.000000, 21.000000
1696452353236, 657.000000, 234.000000, 67.000000, 20.000000,234.000000, 68.000000, 20.000000
1696452353287, 658.000000, 233.000000, 67.000000, 20.000000,235.000000, 67.000000, 21.000000
1696452353337, 659.000000, 233.000000, 67.000000, 21.000000,234.000000, 68.000000, 21.000000
1696452353395, 435.000000, 104.000000, 67.000000, 21.000000,108.000000, 68.000000, 21.000000
1696452353435, 659.000000, 232.000000, 67.000000, 20.000000,237.000000, 67.000000, 21.000000
1696452353486, 654.000000, 234.000000, 68.000000, 21.000000,236.000000, 67.000000, 21.000000
1696452353555, 655.000000, 232.000000, 67.000000, 20.000000,235.000000, 67.000000, 21.000000
1696452353606, 654.000000, 233.000000, 67.000000, 20.000000,236.000000, 67.000000, 21.000000
1696452353655, 655.000000, 233.000000, 67.000000, 20.000000,236.000000, 67.000000, 21.000000
1696452353695, 435.000000, 103.000000, 67.000000, 20.000000,116.000000, 67.000000, 21.000000
1696452353736, 650.000000, 233.000000, 68.000000, 21.000000,233.000000, 67.000000, 21.000000
1696452353786, 431.000000, 103.000000, 67.000000, 20.000000,118.000000, 67.000000, 20.000000
1696452353856, 653.000000, 233.000000, 68.000000, 20.000000,234.000000, 67.000000, 21.000000
1696452353907, 455.000000, 105.000000, 68.000000, 21.000000,108.000000, 67.000000, 21.000000
1696452353957, 665.000000, 233.000000, 67.000000, 20.000000,234.000000, 67.000000, 21.000000
1696452354008, 668.000000, 233.000000, 67.000000, 20.000000,237.000000, 67.000000, 21.000000
1696452354055, 668.000000, 231.000000, 67.000000, 20.000000,236.000000, 67.000000, 21.000000
1696452354126, 659.000000, 233.000000, 67.000000, 20.000000,242.000000, 67.000000, 21.000000
1696452354176, 677.000000, 234.000000, 68.000000, 21.000000,245.000000, 68.000000, 21.000000
1696452354227, 444.000000, 105.000000, 68.000000, 21.000000,122.000000, 69.000000, 21.000000
1696452354285, 672.000000, 232.000000, 68.000000, 21.000000,245.000000, 68.000000, 21.000000
1696452354327, 663.000000, 233.000000, 69.000000, 20.000000,244.000000, 69.000000, 21.000000
1696452354385, 657.000000, 232.000000, 68.000000, 20.000000,236.000000, 67.000000, 21.000000
1696452354435, 670.000000, 233.000000, 67.000000, 20.000000,235.000000, 67.000000, 21.000000
1696452354475, 655.000000, 233.000000, 68.000000, 20.000000,235.000000, 69.000000, 21.000000
1696452354545, 541.000000, 107.000000, 68.000000, 21.000000,172.000000, 67.000000, 21.000000
1696452354596, 655.000000, 233.000000, 67.000000, 20.000000,234.000000, 68.000000, 20.000000
1696452354664, 661.000000, 215.000000, 67.000000, 20.000000,221.000000, 67.000000, 21.000000
1696452354701, 653.000000, 232.000000, 67.000000, 20.000000,234.000000, 69.000000, 21.000000
1696452354751, 549.000000, 109.000000, 67.000000, 21.000000,173.000000, 68.000000, 21.000000
1696452354797, 657.000000, 233.000000, 67.000000, 20.000000,236.000000, 67.000000, 21.000000
1696452354848, 661.000000, 234.000000, 68.000000, 20.000000,237.000000, 68.000000, 21.000000
1696452354896, 657.000000, 230.000000, 67.000000, 20.000000,236.000000, 67.000000, 21.000000
1696452354964, 661.000000, 235.000000, 67.000000, 20.000000,235.000000, 67.000000, 21.000000
1696452355045, 439.000000, 110.000000, 69.000000, 21.000000,114.000000, 69.000000, 21.000000
1696452355093, 661.000000, 233.000000, 68.000000, 20.000000,233.000000, 67.000000, 21.000000
1696452355143, 650.000000, 234.000000, 67.000000, 21.000000,233.000000, 67.000000, 21.000000
1696452355192, 639.000000, 134.000000, 69.000000, 20.000000,173.000000, 69.000000, 20.000000
1696452355242, 657.000000, 232.000000, 67.000000, 20.000000,235.000000, 67.000000, 21.000000
1696452355293, 670.000000, 234.000000, 69.000000, 21.000000,236.000000, 69.000000, 21.000000
1696452355338, 657.000000, 232.000000, 67.000000, 21.000000,235.000000, 67.000000, 21.000000
1696452355405, 675.000000, 232.000000, 69.000000, 21.000000,243.000000, 69.000000, 21.000000
1696452355440, 675.000000, 232.000000, 69.000000, 21.000000,243.000000, 69.000000, 21.000000
1696452355501, 675.000000, 233.000000, 68.000000, 20.000000,240.000000, 67.000000, 21.000000
1696452355551, 672.000000, 232.000000, 68.000000, 20.000000,244.000000, 68.000000, 21.000000
1696452355588, 437.000000, 109.000000, 68.000000, 20.000000,120.000000, 67.000000, 21.000000
1696452355636, 675.000000, 233.000000, 67.000000, 20.000000,243.000000, 67.000000, 21.000000
1696452355686, 635.000000, 118.000000, 67.000000, 20.000000,118.000000, 67.000000, 20.000000
1696452355754, 666.000000, 233.000000, 67.000000, 20.000000,234.000000, 67.000000, 21.000000
1696452355804, 670.000000, 233.000000, 69.000000, 21.000000,117.000000, 67.000000, 21.000000
1696452355875, 663.000000, 231.000000, 67.000000, 20.000000,234.000000, 67.000000, 21.000000
1696452355926, 668.000000, 204.000000, 69.000000, 21.000000,197.000000, 68.000000, 21.000000
1696452355976, 655.000000, 233.000000, 68.000000, 21.000000,235.000000, 67.000000, 21.000000
1696452356026, 602.000000, 232.000000, 68.000000, 20.000000,169.000000, 69.000000, 21.000000
1696452356075, 659.000000, 234.000000, 68.000000, 21.000000,235.000000, 67.000000, 21.000000
1696452356120, 666.000000, 233.000000, 67.000000, 21.000000,238.000000, 67.000000, 21.000000
1696452356172, 653.000000, 232.000000, 69.000000, 21.000000,236.000000, 67.000000, 21.000000
1696452356222, 654.000000, 232.000000, 68.000000, 21.000000,237.000000, 67.000000, 21.000000
1696452356294, 661.000000, 232.000000, 69.000000, 21.000000,237.000000, 67.000000, 21.000000
1696452356364, 655.000000, 233.000000, 68.000000, 20.000000,236.000000, 67.000000, 21.000000
1696452356414, 650.000000, 234.000000, 69.000000, 21.000000,237.000000, 68.000000, 21.000000
1696452356465, 453.000000, 232.000000, 68.000000, 20.000000,236.000000, 67.000000, 21.000000
1696452356525, 664.000000, 234.000000, 68.000000, 20.000000,236.000000, 68.000000, 21.000000
1696452356564, 650.000000, 232.000000, 68.000000, 20.000000,236.000000, 67.000000, 21.000000
1696452356625, 659.000000, 233.000000, 68.000000, 21.000000,237.000000, 68.000000, 21.000000
1696452356661, 668.000000, 232.000000, 68.000000, 21.000000,244.000000, 68.000000, 21.000000
1696452356724, 448.000000, 109.000000, 68.000000, 21.000000,126.000000, 67.000000, 21.000000
1696452356771, 672.000000, 232.000000, 69.000000, 20.000000,242.000000, 68.000000, 21.000000
1696452356809, 598.000000, 111.000000, 67.000000, 21.000000,126.000000, 67.000000, 21.000000
1696452356879, 670.000000, 233.000000, 68.000000, 21.000000,242.000000, 69.000000, 22.000000
1696452356929, 661.000000, 215.000000, 68.000000, 21.000000,223.000000, 68.000000, 21.000000
1696452356976, 659.000000, 233.000000, 68.000000, 21.000000,235.000000, 69.000000, 21.000000
1696452357027, 659.000000, 233.000000, 69.000000, 20.000000,234.000000, 68.000000, 21.000000
1696452357093, 655.000000, 234.000000, 68.000000, 21.000000,235.000000, 69.000000, 21.000000
1696452357141, 442.000000, 107.000000, 68.000000, 20.000000,113.000000, 68.000000, 20.000000
1696452357178, 657.000000, 234.000000, 67.000000, 20.000000,230.000000, 67.000000, 21.000000
1696452357244, 593.000000, 233.000000, 68.000000, 21.000000,233.000000, 69.000000, 21.000000
1696452357276, 664.000000, 193.000000, 69.000000, 21.000000,173.000000, 68.000000, 21.000000
1696452357326, 657.000000, 233.000000, 68.000000, 21.000000,234.000000, 67.000000, 21.000000
1696452357377, 661.000000, 233.000000, 69.000000, 20.000000,235.000000, 68.000000, 21.000000
1696452357443, 650.000000, 232.000000, 67.000000, 20.000000,233.000000, 67.000000, 21.000000
1696452357491, 655.000000, 233.000000, 68.000000, 20.000000,237.000000, 67.000000, 21.000000
1696452357525, 655.000000, 233.000000, 68.000000, 20.000000,237.000000, 67.000000, 21.000000
1696452357575, 668.000000, 234.000000, 69.000000, 21.000000,237.000000, 68.000000, 21.000000
1696452357621, 657.000000, 233.000000, 67.000000, 20.000000,236.000000, 67.000000, 21.000000
1696452357673, 428.000000, 107.000000, 69.000000, 21.000000,108.000000, 68.000000, 21.000000
1696452357744, 657.000000, 233.000000, 68.000000, 21.000000,237.000000, 68.000000, 21.000000
1696452357814, 653.000000, 233.000000, 68.000000, 20.000000,237.000000, 68.000000, 21.000000
1696452357866, 657.000000, 233.000000, 68.000000, 21.000000,235.000000, 68.000000, 21.000000
1696452357913, 660.000000, 226.000000, 68.000000, 21.000000,220.000000, 68.000000, 21.000000
1696452357975, 668.000000, 232.000000, 68.000000, 20.000000,249.000000, 68.000000, 21.000000
1696452358011, 486.000000, 109.000000, 68.000000, 21.000000,124.000000, 69.000000, 21.000000
1696452358061, 664.000000, 234.000000, 69.000000, 21.000000,243.000000, 68.000000, 21.000000
1696452358107, 655.000000, 232.000000, 67.000000, 20.000000,239.000000, 68.000000, 22.000000
1696452358158, 675.000000, 235.000000, 68.000000, 21.000000,245.000000, 69.000000, 22.000000
1696452358215, 624.000000, 233.000000, 68.000000, 20.000000,235.000000, 68.000000, 21.000000
1696452358255, 672.000000, 232.000000, 68.000000, 21.000000,236.000000, 68.000000, 21.000000
1696452358306, 648.000000, 233.000000, 69.000000, 21.000000,234.000000, 67.000000, 21.000000
1696452358351, 453.000000, 108.000000, 68.000000, 21.000000,111.000000, 69.000000, 21.000000
1696452358403, 670.000000, 233.000000, 68.000000, 21.000000,235.000000, 69.000000, 21.000000
1696452358454, 600.000000, 113.000000, 67.000000, 20.000000,175.000000, 68.000000, 21.000000
1696452358500, 672.000000, 232.000000, 68.000000, 20.000000,236.000000, 68.000000, 21.000000
1696452358550, 635.000000, 233.000000, 69.000000, 20.000000,235.000000, 67.000000, 21.000000
1696452358605, 657.000000, 233.000000, 68.000000, 20.000000,235.000000, 69.000000, 21.000000
1696452358648, 672.000000, 232.000000, 69.000000, 20.000000,237.000000, 68.000000, 21.000000
1696452358699, 657.000000, 233.000000, 67.000000, 20.000000,236.000000, 69.000000, 21.000000
1696452358765, 661.000000, 233.000000, 69.000000, 20.000000,234.000000, 68.000000, 21.000000
1696452358813, 657.000000, 232.000000, 67.000000, 20.000000,236.000000, 68.000000, 20.000000
1696452358845, 657.000000, 232.000000, 67.000000, 20.000000,236.000000, 68.000000, 20.000000
1696452358894, 655.000000, 232.000000, 67.000000, 20.000000,235.000000, 68.000000, 21.000000
1696452358945, 659.000000, 234.000000, 68.000000, 20.000000,235.000000, 68.000000, 21.000000
1696452358996, 433.000000, 108.000000, 68.000000, 21.000000,117.000000, 69.000000, 21.000000
1696452359046, 657.000000, 232.000000, 67.000000, 20.000000,234.000000, 67.000000, 20.000000
1696452359096, 670.000000, 233.000000, 68.000000, 21.000000,235.000000, 68.000000, 21.000000
1696452359145, 646.000000, 234.000000, 68.000000, 20.000000,234.000000, 68.000000, 21.000000
1696452359195, 530.000000, 109.000000, 67.000000, 20.000000,105.000000, 67.000000, 20.000000
1696452359246, 675.000000, 235.000000, 68.000000, 21.000000,243.000000, 69.000000, 21.000000
1696452359296, 670.000000, 232.000000, 68.000000, 21.000000,237.000000, 68.000000, 21.000000
1696452359357, 661.000000, 235.000000, 68.000000, 20.000000,242.000000, 69.000000, 21.000000
1696452359392, 670.000000, 233.000000, 69.000000, 20.000000,243.000000, 69.000000, 21.000000
1696452359441, 670.000000, 233.000000, 68.000000, 21.000000,240.000000, 68.000000, 22.000000
1696452359490, 668.000000, 234.000000, 68.000000, 21.000000,244.000000, 68.000000, 21.000000
1696452359539, 657.000000, 233.000000, 68.000000, 20.000000,235.000000, 68.000000, 21.000000
1696452359590, 648.000000, 232.000000, 68.000000, 20.000000,233.000000, 67.000000, 21.000000
1696452359639, 670.000000, 232.000000, 68.000000, 20.000000,233.000000, 68.000000, 21.000000
1696452359695, 644.000000, 232.000000, 69.000000, 20.000000,234.000000, 67.000000, 21.000000
1696452359735, 461.000000, 107.000000, 68.000000, 20.000000,115.000000, 68.000000, 21.000000
1696452359804, 659.000000, 234.000000, 68.000000, 21.000000,236.000000, 68.000000, 21.000000
1696452359854, 670.000000, 194.000000, 67.000000, 20.000000,206.000000, 67.000000, 20.000000
1696452359905, 655.000000, 234.000000, 67.000000, 21.000000,235.000000, 68.000000, 21.000000
1696452359974, 670.000000, 233.000000, 68.000000, 20.000000,235.000000, 68.000000, 21.000000
1696452360026, 654.000000, 233.000000, 67.000000, 21.000000,234.000000, 68.000000, 21.000000
1696452360077, 431.000000, 107.000000, 68.000000, 20.000000,116.000000, 67.000000, 21.000000
1696452360131, 659.000000, 233.000000, 68.000000, 21.000000,235.000000, 68.000000, 21.000000
1696452360174, 448.000000, 107.000000, 67.000000, 21.000000,127.000000, 67.000000, 22.000000
1696452360220, 670.000000, 233.000000, 68.000000, 20.000000,244.000000, 68.000000, 21.000000
1696452360270, 657.000000, 232.000000, 67.000000, 20.000000,234.000000, 67.000000, 21.000000
1696452360320, 525.000000, 109.000000, 68.000000, 21.000000,132.000000, 68.000000, 21.000000
1696452360370, 654.000000, 236.000000, 68.000000, 21.000000,236.000000, 68.000000, 21.000000
1696452360420, 653.000000, 229.000000, 68.000000, 21.000000,234.000000, 67.000000, 21.000000
1696452360466, 655.000000, 234.000000, 68.000000, 21.000000,235.000000, 68.000000, 21.000000
1696452360517, 437.000000, 106.000000, 68.000000, 20.000000,122.000000, 68.000000, 21.000000
1696452360568, 668.000000, 234.000000, 68.000000, 21.000000,243.000000, 68.000000, 21.000000
1696452360638, 670.000000, 230.000000, 68.000000, 21.000000,241.000000, 68.000000, 21.000000
1696452360688, 670.000000, 233.000000, 67.000000, 21.000000,246.000000, 67.000000, 21.000000
1696452360737, 646.000000, 119.000000, 67.000000, 20.000000,183.000000, 67.000000, 20.000000
1696452360807, 655.000000, 234.000000, 68.000000, 20.000000,237.000000, 68.000000, 21.000000
1696452360854, 648.000000, 234.000000, 68.000000, 21.000000,231.000000, 67.000000, 21.000000
1696452360886, 657.000000, 233.000000, 68.000000, 20.000000,231.000000, 67.000000, 21.000000
1696452360954, 453.000000, 108.000000, 69.000000, 21.000000,146.000000, 69.000000, 21.000000
1696452361015, 648.000000, 233.000000, 68.000000, 21.000000,234.000000, 67.000000, 21.000000
1696452361055, 450.000000, 108.000000, 68.000000, 21.000000,113.000000, 68.000000, 21.000000
1696452361124, 655.000000, 234.000000, 68.000000, 21.000000,235.000000, 68.000000, 21.000000
1696452361173, 646.000000, 234.000000, 68.000000, 21.000000,235.000000, 67.000000, 21.000000
1696452361224, 655.000000, 233.000000, 68.000000, 20.000000,234.000000, 68.000000, 21.000000
1696452361286, 642.000000, 234.000000, 68.000000, 21.000000,234.000000, 67.000000, 21.000000
1696452361326, 666.000000, 233.000000, 68.000000, 20.000000,235.000000, 67.000000, 21.000000
1696452361376, 444.000000, 107.000000, 68.000000, 20.000000,143.000000, 69.000000, 21.000000
1696452361444, 657.000000, 234.000000, 68.000000, 20.000000,237.000000, 67.000000, 21.000000
1696452361475, 653.000000, 232.000000, 67.000000, 20.000000,235.000000, 68.000000, 21.000000
1696452361544, 655.000000, 232.000000, 68.000000, 21.000000,235.000000, 68.000000, 21.000000
1696452361576, 433.000000, 107.000000, 67.000000, 21.000000,117.000000, 68.000000, 21.000000
1696452361635, 668.000000, 233.000000, 67.000000, 20.000000,235.000000, 67.000000, 21.000000
1696452361674, 646.000000, 232.000000, 67.000000, 20.000000,234.000000, 68.000000, 20.000000
1696452361724, 494.000000, 106.000000, 68.000000, 21.000000,126.000000, 68.000000, 21.000000
1696452361769, 670.000000, 234.000000, 68.000000, 20.000000,236.000000, 67.000000, 21.000000
1696452361815, 655.000000, 233.000000, 68.000000, 20.000000,242.000000, 69.000000, 21.000000
1696452361847, 670.000000, 235.000000, 68.000000, 21.000000,239.000000, 67.000000, 21.000000
1696452361897, 479.000000, 107.000000, 68.000000, 21.000000,130.000000, 69.000000, 21.000000
1696452361945, 677.000000, 232.000000, 67.000000, 20.000000,243.000000, 67.000000, 21.000000
1696452362015, 670.000000, 232.000000, 67.000000, 20.000000,245.000000, 67.000000, 21.000000
1696452362064, 665.000000, 232.000000, 68.000000, 20.000000,236.000000, 67.000000, 21.000000
1696452362114, 620.000000, 234.000000, 68.000000, 21.000000,234.000000, 68.000000, 21.000000
1696452362183, 661.000000, 234.000000, 68.000000, 21.000000,236.000000, 68.000000, 21.000000
1696452362232, 444.000000, 232.000000, 67.000000, 20.000000,233.000000, 67.000000, 21.000000
1696452362266, 668.000000, 234.000000, 68.000000, 20.000000,235.000000, 68.000000, 21.000000
1696452362322, 653.000000, 234.000000, 69.000000, 21.000000,235.000000, 68.000000, 21.000000
1696452362366, 435.000000, 105.000000, 67.000000, 21.000000,110.000000, 68.000000, 21.000000
1696452362408, 672.000000, 233.000000, 68.000000, 21.000000,240.000000, 67.000000, 21.000000
1696452362472, 519.000000, 104.000000, 68.000000, 20.000000,130.000000, 68.000000, 21.000000
1696452362509, 670.000000, 232.000000, 67.000000, 21.000000,235.000000, 67.000000, 21.000000
1696452362556, 655.000000, 234.000000, 69.000000, 21.000000,234.000000, 67.000000, 21.000000
1696452362606, 670.000000, 231.000000, 68.000000, 20.000000,233.000000, 67.000000, 20.000000
1696452362673, 661.000000, 233.000000, 68.000000, 20.000000,236.000000, 67.000000, 21.000000
1696452362722, 670.000000, 234.000000, 69.000000, 21.000000,237.000000, 68.000000, 21.000000
1696452362772, 670.000000, 231.000000, 68.000000, 20.000000,236.000000, 68.000000, 21.000000
1696452362822, 666.000000, 233.000000, 68.000000, 20.000000,237.000000, 68.000000, 21.000000
1696452362872, 648.000000, 231.000000, 68.000000, 20.000000,233.000000, 68.000000, 21.000000
1696452362904, 670.000000, 233.000000, 68.000000, 20.000000,232.000000, 68.000000, 21.000000
1696452362950, 659.000000, 232.000000, 68.000000, 21.000000,237.000000, 68.000000, 21.000000
1696452363000, 417.000000, 103.000000, 68.000000, 21.000000,106.000000, 68.000000, 21.000000
1696452363045, 672.000000, 234.000000, 68.000000, 20.000000,235.000000, 68.000000, 21.000000
1696452363091, 657.000000, 232.000000, 67.000000, 20.000000,242.000000, 68.000000, 21.000000
1696452363141, 677.000000, 234.000000, 69.000000, 20.000000,243.000000, 68.000000, 21.000000
1696452363177, 677.000000, 234.000000, 69.000000, 20.000000,243.000000, 68.000000, 21.000000
1696452363235, 670.000000, 233.000000, 68.000000, 20.000000,244.000000, 67.000000, 21.000000
1696452363278, 670.000000, 232.000000, 69.000000, 20.000000,243.000000, 67.000000, 21.000000
1696452363345, 659.000000, 233.000000, 68.000000, 21.000000,237.000000, 67.000000, 21.000000
1696452363393, 646.000000, 233.000000, 68.000000, 21.000000,234.000000, 67.000000, 21.000000
1696452363464, 653.000000, 233.000000, 67.000000, 21.000000,235.000000, 67.000000, 21.000000
1696452363511, 424.000000, 230.000000, 69.000000, 21.000000,232.000000, 68.000000, 22.000000
1696452363548, 657.000000, 233.000000, 67.000000, 20.000000,232.000000, 68.000000, 21.000000
1696452363610, 650.000000, 232.000000, 68.000000, 21.000000,234.000000, 67.000000, 21.000000
1696452363661, 654.000000, 233.000000, 68.000000, 20.000000,235.000000, 68.000000, 21.000000
1696452363693, 654.000000, 233.000000, 68.000000, 20.000000,235.000000, 68.000000, 21.000000
1696452363742, 604.000000, 104.000000, 68.000000, 21.000000,170.000000, 68.000000, 21.000000
1696452363791, 648.000000, 232.000000, 68.000000, 20.000000,234.000000, 68.000000, 21.000000
1696452363841, 415.000000, 225.000000, 69.000000, 21.000000,224.000000, 68.000000, 22.000000
1696452363890, 670.000000, 234.000000, 69.000000, 21.000000,235.000000, 68.000000, 21.000000
1696452363939, 653.000000, 232.000000, 68.000000, 20.000000,234.000000, 68.000000, 21.000000
1696452363988, 661.000000, 232.000000, 68.000000, 20.000000,235.000000, 68.000000, 21.000000
1696452364053, 648.000000, 233.000000, 68.000000, 21.000000,241.000000, 69.000000, 22.000000
1696452364087, 654.000000, 233.000000, 69.000000, 20.000000,235.000000, 67.000000, 21.000000
1696452364136, 659.000000, 233.000000, 69.000000, 21.000000,235.000000, 69.000000, 21.000000
1696452364188, 652.000000, 232.000000, 68.000000, 20.000000,235.000000, 68.000000, 21.000000
1696452364234, 657.000000, 232.000000, 68.000000, 20.000000,234.000000, 68.000000, 21.000000
1696452364285, 422.000000, 102.000000, 68.000000, 21.000000,112.000000, 69.000000, 21.000000
1696452364345, 657.000000, 233.000000, 69.000000, 20.000000,242.000000, 69.000000, 21.000000
1696452364384, 547.000000, 104.000000, 67.000000, 20.000000,119.000000, 68.000000, 21.000000
1696452364454, 670.000000, 233.000000, 69.000000, 21.000000,245.000000, 68.000000, 21.000000
1696452364506, 672.000000, 231.000000, 68.000000, 20.000000,242.000000, 68.000000, 21.000000
1696452364556, 670.000000, 233.000000, 69.000000, 20.000000,246.000000, 67.000000, 21.000000
1696452364606, 424.000000, 106.000000, 69.000000, 21.000000,138.000000, 69.000000, 21.000000
1696452364657, 663.000000, 233.000000, 67.000000, 20.000000,237.000000, 68.000000, 21.000000
1696452364724, 653.000000, 205.000000, 68.000000, 20.000000,213.000000, 69.000000, 21.000000
1696452364771, 661.000000, 234.000000, 68.000000, 21.000000,235.000000, 68.000000, 21.000000
1696452364833, 656.000000, 233.000000, 68.000000, 20.000000,240.000000, 68.000000, 21.000000
1696452364884, 595.000000, 232.000000, 67.000000, 20.000000,184.000000, 68.000000, 21.000000
1696452364930, 662.000000, 232.000000, 68.000000, 21.000000,237.000000, 67.000000, 21.000000
1696452364980, 648.000000, 233.000000, 68.000000, 20.000000,236.000000, 69.000000, 21.000000
1696452365032, 657.000000, 235.000000, 68.000000, 20.000000,235.000000, 67.000000, 21.000000
1696452365078, 642.000000, 234.000000, 68.000000, 20.000000,235.000000, 69.000000, 21.000000
1696452365129, 670.000000, 214.000000, 69.000000, 21.000000,195.000000, 69.000000, 21.000000
1696452365179, 655.000000, 233.000000, 67.000000, 21.000000,235.000000, 67.000000, 21.000000
1696452365230, 672.000000, 233.000000, 68.000000, 20.000000,234.000000, 68.000000, 21.000000
1696452365280, 655.000000, 232.000000, 68.000000, 20.000000,234.000000, 67.000000, 21.000000
1696452365361, 670.000000, 233.000000, 69.000000, 20.000000,244.000000, 68.000000, 21.000000
1696452365405, 587.000000, 233.000000, 67.000000, 21.000000,235.000000, 67.000000, 21.000000
1696452365456, 654.000000, 231.000000, 68.000000, 20.000000,236.000000, 68.000000, 21.000000
1696452365502, 653.000000, 233.000000, 68.000000, 20.000000,236.000000, 68.000000, 21.000000
1696452365534, 433.000000, 103.000000, 68.000000, 20.000000,108.000000, 67.000000, 21.000000
1696452365601, 417.000000, 108.000000, 67.000000, 21.000000,104.000000, 67.000000, 21.000000
1696452365653, 677.000000, 235.000000, 68.000000, 21.000000,242.000000, 67.000000, 21.000000
1696452365700, 668.000000, 231.000000, 69.000000, 21.000000,240.000000, 67.000000, 21.000000
1696452365752, 675.000000, 236.000000, 68.000000, 21.000000,242.000000, 67.000000, 22.000000
1696452365797, 670.000000, 234.000000, 69.000000, 21.000000,244.000000, 67.000000, 21.000000
1696452365847, 431.000000, 204.000000, 68.000000, 21.000000,112.000000, 69.000000, 21.000000
1696452365895, 672.000000, 233.000000, 68.000000, 20.000000,244.000000, 67.000000, 21.000000
1696452365964, 492.000000, 104.000000, 68.000000, 21.000000,114.000000, 68.000000, 21.000000
1696452366011, 659.000000, 233.000000, 68.000000, 21.000000,234.000000, 67.000000, 21.000000
1696452366046, 602.000000, 233.000000, 69.000000, 21.000000,234.000000, 67.000000, 21.000000
1696452366114, 661.000000, 233.000000, 68.000000, 21.000000,235.000000, 68.000000, 21.000000
1696452366166, 470.000000, 232.000000, 68.000000, 20.000000,237.000000, 67.000000, 21.000000
1696452366234, 659.000000, 233.000000, 68.000000, 21.000000,234.000000, 68.000000, 21.000000
1696452366280, 426.000000, 103.000000, 69.000000, 21.000000,110.000000, 68.000000, 21.000000
1696452366316, 669.000000, 233.000000, 68.000000, 20.000000,235.000000, 68.000000, 21.000000
1696452366384, 589.000000, 234.000000, 67.000000, 21.000000,168.000000, 68.000000, 21.000000
1696452366423, 659.000000, 235.000000, 69.000000, 20.000000,231.000000, 67.000000, 21.000000
1696452366462, 668.000000, 234.000000, 68.000000, 20.000000,230.000000, 68.000000, 21.000000
1696452366534, 657.000000, 233.000000, 69.000000, 20.000000,235.000000, 67.000000, 21.000000
1696452366593, 428.000000, 103.000000, 68.000000, 21.000000,115.000000, 68.000000, 22.000000
1696452366635, 659.000000, 232.000000, 69.000000, 20.000000,236.000000, 67.000000, 21.000000
1696452366705, 617.000000, 106.000000, 68.000000, 21.000000,103.000000, 68.000000, 21.000000
1696452366754, 661.000000, 232.000000, 69.000000, 21.000000,236.000000, 67.000000, 21.000000
1696452366807, 653.000000, 233.000000, 68.000000, 21.000000,236.000000, 68.000000, 21.000000
1696452366874, 670.000000, 233.000000, 69.000000, 20.000000,237.000000, 68.000000, 21.000000
1696452366907, 435.000000, 103.000000, 68.000000, 21.000000,117.000000, 69.000000, 21.000000
1696452366957, 675.000000, 233.000000, 68.000000, 21.000000,245.000000, 68.000000, 21.000000
1696452367024, 426.000000, 149.000000, 68.000000, 20.000000,184.000000, 67.000000, 21.000000
1696452367071, 672.000000, 234.000000, 68.000000, 20.000000,243.000000, 68.000000, 21.000000
1696452367125, 433.000000, 103.000000, 69.000000, 20.000000,112.000000, 68.000000, 21.000000
1696452367156, 670.000000, 233.000000, 68.000000, 20.000000,243.000000, 69.000000, 21.000000
1696452367205, 661.000000, 231.000000, 68.000000, 20.000000,236.000000, 68.000000, 21.000000
1696452367276, 663.000000, 232.000000, 68.000000, 20.000000,234.000000, 69.000000, 21.000000
1696452367326, 628.000000, 233.000000, 68.000000, 20.000000,236.000000, 67.000000, 21.000000
1696452367376, 677.000000, 234.000000, 69.000000, 20.000000,236.000000, 67.000000, 21.000000
1696452367435, 530.000000, 233.000000, 69.000000, 21.000000,170.000000, 67.000000, 21.000000
1696452367474, 679.000000, 233.000000, 69.000000, 20.000000,237.000000, 67.000000, 21.000000
1696452367545, 648.000000, 232.000000, 68.000000, 20.000000,236.000000, 68.000000, 21.000000
1696452367596, 679.000000, 233.000000, 68.000000, 20.000000,244.000000, 67.000000, 21.000000
1696452367641, 657.000000, 232.000000, 68.000000, 20.000000,240.000000, 68.000000, 21.000000
1696452367691, 433.000000, 102.000000, 67.000000, 20.000000,110.000000, 67.000000, 20.000000
1696452367741, 670.000000, 233.000000, 69.000000, 21.000000,235.000000, 67.000000, 21.000000
1696452367790, 655.000000, 156.000000, 69.000000, 21.000000,199.000000, 69.000000, 21.000000
1696452367838, 666.000000, 234.000000, 69.000000, 21.000000,235.000000, 67.000000, 21.000000
1696452367888, 411.000000, 135.000000, 67.000000, 20.000000,132.000000, 67.000000, 20.000000
1696452367937, 657.000000, 233.000000, 68.000000, 20.000000,235.000000, 67.000000, 21.000000
1696452367987, 657.000000, 233.000000, 68.000000, 20.000000,162.000000, 67.000000, 20.000000
1696452368046, 657.000000, 234.000000, 68.000000, 20.000000,235.000000, 67.000000, 21.000000
1696452368082, 661.000000, 234.000000, 68.000000, 21.000000,236.000000, 67.000000, 21.000000
1696452368133, 422.000000, 103.000000, 69.000000, 21.000000,113.000000, 69.000000, 21.000000
1696452368195, 666.000000, 233.000000, 69.000000, 20.000000,241.000000, 68.000000, 21.000000
1696452368230, 453.000000, 104.000000, 69.000000, 21.000000,119.000000, 68.000000, 21.000000
1696452368282, 668.000000, 233.000000, 67.000000, 20.000000,243.000000, 68.000000, 21.000000
1696452368332, 576.000000, 235.000000, 69.000000, 21.000000,174.000000, 67.000000, 21.000000
1696452368402, 667.000000, 231.000000, 68.000000, 20.000000,243.000000, 68.000000, 21.000000
1696452368474, 657.000000, 233.000000, 69.000000, 20.000000,236.000000, 68.000000, 20.000000
1696452368522, 653.000000, 232.000000, 68.000000, 21.000000,234.000000, 68.000000, 21.000000
1696452368554, 649.000000, 232.000000, 68.000000, 20.000000,231.000000, 67.000000, 21.000000
1696452368625, 650.000000, 236.000000, 69.000000, 20.000000,237.000000, 68.000000, 21.000000
1696452368676, 657.000000, 232.000000, 67.000000, 20.000000,234.000000, 67.000000, 21.000000
1696452368722, 653.000000, 232.000000, 69.000000, 20.000000,234.000000, 68.000000, 21.000000
1696452368768, 650.000000, 233.000000, 69.000000, 20.000000,230.000000, 68.000000, 21.000000
1696452368835, 655.000000, 232.000000, 68.000000, 20.000000,235.000000, 68.000000, 20.000000
1696452368867, 655.000000, 232.000000, 68.000000, 20.000000,235.000000, 68.000000, 20.000000
1696452368917, 657.000000, 233.000000, 68.000000, 20.000000,236.000000, 67.000000, 21.000000
1696452368982, 653.000000, 233.000000, 68.000000, 21.000000,237.000000, 68.000000, 21.000000
1696452369015, 431.000000, 105.000000, 68.000000, 20.000000,107.000000, 68.000000, 21.000000
1696452369084, 648.000000, 233.000000, 68.000000, 20.000000,236.000000, 67.000000, 21.000000
1696452369132, 668.000000, 233.000000, 68.000000, 20.000000,234.000000, 68.000000, 21.000000
1696452369182, 654.000000, 233.000000, 68.000000, 21.000000,237.000000, 69.000000, 21.000000
1696452369214, 422.000000, 105.000000, 68.000000, 21.000000,104.000000, 68.000000, 21.000000
1696452369284, 657.000000, 232.000000, 68.000000, 20.000000,236.000000, 68.000000, 21.000000
1696452369354, 681.000000, 233.000000, 68.000000, 21.000000,236.000000, 68.000000, 21.000000
1696452369407, 659.000000, 233.000000, 68.000000, 20.000000,236.000000, 68.000000, 21.000000
1696452369457, 492.000000, 106.000000, 68.000000, 21.000000,165.000000, 68.000000, 21.000000
1696452369524, 666.000000, 233.000000, 68.000000, 20.000000,245.000000, 67.000000, 21.000000
1696452369556, 670.000000, 234.000000, 68.000000, 20.000000,240.000000, 68.000000, 21.000000
1696452369602, 679.000000, 233.000000, 68.000000, 20.000000,246.000000, 68.000000, 21.000000
1696452369652, 584.000000, 233.000000, 68.000000, 20.000000,182.000000, 67.000000, 21.000000
1696452369702, 677.000000, 234.000000, 69.000000, 20.000000,244.000000, 68.000000, 21.000000
1696452369748, 666.000000, 233.000000, 68.000000, 20.000000,242.000000, 68.000000, 21.000000
1696452369795, 679.000000, 233.000000, 69.000000, 21.000000,235.000000, 69.000000, 21.000000
1696452369842, 650.000000, 232.000000, 68.000000, 20.000000,236.000000, 68.000000, 21.000000
1696452369894, 657.000000, 152.000000, 68.000000, 21.000000,158.000000, 68.000000, 21.000000
1696452369965, 657.000000, 233.000000, 68.000000, 20.000000,234.000000, 69.000000, 21.000000
1696452369997, 655.000000, 233.000000, 67.000000, 20.000000,231.000000, 67.000000, 21.000000
1696452370045, 672.000000, 232.000000, 68.000000, 20.000000,236.000000, 68.000000, 21.000000
1696452370114, 657.000000, 234.000000, 68.000000, 21.000000,237.000000, 68.000000, 21.000000
1696452370166, 672.000000, 233.000000, 68.000000, 20.000000,236.000000, 67.000000, 21.000000
1696452370216, 428.000000, 104.000000, 68.000000, 20.000000,112.000000, 68.000000, 21.000000
1696452370282, 661.000000, 232.000000, 68.000000, 20.000000,234.000000, 68.000000, 21.000000
1696452370315, 661.000000, 232.000000, 68.000000, 20.000000,230.000000, 68.000000, 21.000000
1696452370376, 659.000000, 232.000000, 68.000000, 20.000000,235.000000, 67.000000, 21.000000
1696452370413, 672.000000, 233.000000, 68.000000, 21.000000,240.000000, 68.000000, 21.000000
1696452370464, 656.000000, 232.000000, 68.000000, 20.000000,235.000000, 68.000000, 21.000000
1696452370509, 663.000000, 232.000000, 68.000000, 21.000000,236.000000, 67.000000, 21.000000
1696452370560, 657.000000, 232.000000, 69.000000, 20.000000,237.000000, 68.000000, 21.000000
1696452370611, 657.000000, 232.000000, 68.000000, 20.000000,236.000000, 67.000000, 21.000000
1696452370661, 677.000000, 195.000000, 69.000000, 21.000000,200.000000, 69.000000, 21.000000
1696452370725, 433.000000, 107.000000, 68.000000, 21.000000,109.000000, 68.000000, 21.000000
1696452370762, 681.000000, 233.000000, 68.000000, 20.000000,240.000000, 67.000000, 21.000000
1696452370834, 655.000000, 116.000000, 67.000000, 20.000000,125.000000, 67.000000, 21.000000
1696452370903, 681.000000, 232.000000, 68.000000, 21.000000,243.000000, 68.000000, 21.000000
1696452370952, 437.000000, 231.000000, 69.000000, 21.000000,241.000000, 68.000000, 22.000000
1696452370984, 670.000000, 233.000000, 69.000000, 20.000000,240.000000, 67.000000, 22.000000
1696452371054, 439.000000, 178.000000, 67.000000, 20.000000,172.000000, 67.000000, 21.000000
1696452371106, 657.000000, 233.000000, 68.000000, 20.000000,235.000000, 67.000000, 21.000000
1696452371174, 503.000000, 107.000000, 68.000000, 21.000000,174.000000, 68.000000, 21.000000
1696452371222, 657.000000, 233.000000, 68.000000, 21.000000,235.000000, 68.000000, 21.000000
1696452371254, 670.000000, 232.000000, 69.000000, 21.000000,236.000000, 69.000000, 21.000000
1696452371325, 661.000000, 233.000000, 68.000000, 20.000000,237.000000, 68.000000, 21.000000
1696452371395, 677.000000, 233.000000, 69.000000, 21.000000,238.000000, 68.000000, 21.000000
1696452371446, 657.000000, 233.000000, 68.000000, 20.000000,234.000000, 68.000000, 21.000000
1696452371514, 670.000000, 233.000000, 68.000000, 20.000000,233.000000, 67.000000, 21.000000
1696452371567, 659.000000, 233.000000, 68.000000, 21.000000,235.000000, 68.000000, 21.000000
1696452371634, 584.000000, 234.000000, 68.000000, 21.000000,167.000000, 68.000000, 21.000000
1696452371681, 656.000000, 233.000000, 68.000000, 21.000000,237.000000, 67.000000, 21.000000
1696452371716, 475.000000, 107.000000, 69.000000, 21.000000,111.000000, 69.000000, 21.000000
1696452371767, 670.000000, 232.000000, 68.000000, 20.000000,241.000000, 67.000000, 21.000000
1696452371834, 591.000000, 233.000000, 68.000000, 20.000000,169.000000, 67.000000, 21.000000
1696452371881, 655.000000, 231.000000, 68.000000, 21.000000,233.000000, 67.000000, 21.000000
1696452371920, 659.000000, 173.000000, 68.000000, 21.000000,197.000000, 68.000000, 21.000000
1696452371969, 655.000000, 234.000000, 69.000000, 21.000000,237.000000, 68.000000, 21.000000
1696452372016, 617.000000, 233.000000, 68.000000, 20.000000,232.000000, 67.000000, 21.000000
1696452372067, 672.000000, 233.000000, 68.000000, 20.000000,243.000000, 67.000000, 21.000000
1696452372118, 490.000000, 106.000000, 67.000000, 21.000000,146.000000, 68.000000, 21.000000
1696452372168, 672.000000, 232.000000, 68.000000, 20.000000,244.000000, 67.000000, 21.000000
1696452372225, 656.000000, 233.000000, 68.000000, 21.000000,239.000000, 68.000000, 22.000000
1696452372275, 668.000000, 233.000000, 68.000000, 20.000000,243.000000, 67.000000, 21.000000
1696452372316, 431.000000, 106.000000, 68.000000, 21.000000,110.000000, 69.000000, 21.000000
1696452372364, 657.000000, 232.000000, 68.000000, 20.000000,237.000000, 69.000000, 21.000000
1696452372410, 654.000000, 232.000000, 68.000000, 20.000000,235.000000, 68.000000, 21.000000
1696452372461, 479.000000, 107.000000, 68.000000, 21.000000,104.000000, 69.000000, 21.000000
1696452372513, 652.000000, 232.000000, 68.000000, 20.000000,235.000000, 68.000000, 21.000000
1696452372584, 661.000000, 233.000000, 68.000000, 20.000000,235.000000, 69.000000, 21.000000
1696452372636, 648.000000, 232.000000, 69.000000, 21.000000,235.000000, 69.000000, 21.000000
1696452372686, 655.000000, 233.000000, 68.000000, 20.000000,234.000000, 69.000000, 21.000000
1696452372754, 644.000000, 233.000000, 68.000000, 21.000000,233.000000, 68.000000, 21.000000
1696452372802, 655.000000, 234.000000, 68.000000, 20.000000,235.000000, 69.000000, 21.000000
1696452372852, 567.000000, 233.000000, 68.000000, 20.000000,235.000000, 67.000000, 21.000000
1696452372884, 670.000000, 233.000000, 69.000000, 20.000000,234.000000, 67.000000, 21.000000
1696452372954, 657.000000, 233.000000, 69.000000, 21.000000,240.000000, 69.000000, 21.000000
1696452372985, 444.000000, 106.000000, 68.000000, 20.000000,105.000000, 68.000000, 20.000000
1696452373045, 419.000000, 208.000000, 69.000000, 21.000000,222.000000, 69.000000, 21.000000
1696452373085, 655.000000, 234.000000, 68.000000, 21.000000,236.000000, 68.000000, 21.000000
1696452373132, 659.000000, 233.000000, 68.000000, 20.000000,236.000000, 67.000000, 21.000000
1696452373195, 448.000000, 107.000000, 69.000000, 21.000000,116.000000, 69.000000, 21.000000
1696452373230, 670.000000, 233.000000, 68.000000, 21.000000,237.000000, 68.000000, 21.000000
1696452373286, 656.000000, 224.000000, 69.000000, 21.000000,225.000000, 68.000000, 21.000000
1696452373352, 677.000000, 232.000000, 68.000000, 20.000000,243.000000, 68.000000, 21.000000
1696452373384, 573.000000, 233.000000, 68.000000, 21.000000,244.000000, 67.000000, 21.000000
1696452373455, 679.000000, 233.000000, 68.000000, 21.000000,246.000000, 67.000000, 21.000000
1696452373523, 670.000000, 233.000000, 69.000000, 21.000000,243.000000, 69.000000, 21.000000
1696452373555, 670.000000, 233.000000, 69.000000, 21.000000,243.000000, 69.000000, 21.000000
1696452373624, 655.000000, 233.000000, 68.000000, 21.000000,235.000000, 67.000000, 21.000000
1696452373674, 657.000000, 233.000000, 69.000000, 21.000000,233.000000, 69.000000, 21.000000
1696452373726, 655.000000, 233.000000, 68.000000, 21.000000,236.000000, 67.000000, 21.000000
1696452373777, 654.000000, 232.000000, 69.000000, 20.000000,234.000000, 68.000000, 21.000000
1696452373827, 492.000000, 107.000000, 68.000000, 21.000000,173.000000, 68.000000, 21.000000
1696452373885, 424.000000, 105.000000, 68.000000, 21.000000,109.000000, 68.000000, 21.000000
1696452373926, 668.000000, 233.000000, 68.000000, 21.000000,235.000000, 67.000000, 21.000000
1696452373977, 648.000000, 232.000000, 68.000000, 20.000000,235.000000, 67.000000, 21.000000
1696452374035, 501.000000, 107.000000, 69.000000, 21.000000,171.000000, 68.000000, 21.000000
1696452374075, 661.000000, 232.000000, 68.000000, 20.000000,234.000000, 67.000000, 21.000000
1696452374145, 659.000000, 232.000000, 68.000000, 20.000000,236.000000, 68.000000, 20.000000
1696452374194, 658.000000, 232.000000, 68.000000, 20.000000,236.000000, 68.000000, 21.000000
1696452374247, 657.000000, 234.000000, 68.000000, 20.000000,236.000000, 68.000000, 20.000000
1696452374312, 657.000000, 233.000000, 68.000000, 20.000000,236.000000, 67.000000, 21.000000
1696452374364, 653.000000, 231.000000, 69.000000, 21.000000,234.000000, 68.000000, 21.000000
1696452374411, 631.000000, 234.000000, 68.000000, 21.000000,236.000000, 68.000000, 21.000000
1696452374446, 666.000000, 234.000000, 68.000000, 20.000000,237.000000, 67.000000, 22.000000
1696452374496, 655.000000, 233.000000, 68.000000, 21.000000,236.000000, 68.000000, 21.000000
1696452374564, 657.000000, 232.000000, 69.000000, 21.000000,237.000000, 67.000000, 21.000000
1696452374612, 655.000000, 234.000000, 69.000000, 20.000000,242.000000, 68.000000, 21.000000
1696452374648, 670.000000, 233.000000, 68.000000, 21.000000,242.000000, 67.000000, 22.000000
1696452374695, 666.000000, 233.000000, 68.000000, 20.000000,244.000000, 67.000000, 21.000000
1696452374746, 446.000000, 109.000000, 68.000000, 21.000000,124.000000, 69.000000, 21.000000
1696452374792, 675.000000, 233.000000, 68.000000, 21.000000,240.000000, 67.000000, 21.000000
1696452374864, 670.000000, 233.000000, 68.000000, 20.000000,243.000000, 68.000000, 21.000000
1696452374912, 670.000000, 234.000000, 68.000000, 21.000000,237.000000, 67.000000, 21.000000
1696452374952, 653.000000, 234.000000, 68.000000, 21.000000,235.000000, 67.000000, 21.000000
1696452375005, 665.000000, 233.000000, 67.000000, 20.000000,235.000000, 67.000000, 21.000000
1696452375041, 431.000000, 176.000000, 68.000000, 20.000000,181.000000, 68.000000, 21.000000
1696452375086, 655.000000, 233.000000, 68.000000, 20.000000,237.000000, 69.000000, 21.000000
1696452375139, 653.000000, 233.000000, 68.000000, 21.000000,237.000000, 67.000000, 21.000000
1696452375188, 655.000000, 234.000000, 68.000000, 21.000000,237.000000, 68.000000, 21.000000
1696452375240, 652.000000, 232.000000, 68.000000, 20.000000,235.000000, 68.000000, 21.000000
1696452375289, 657.000000, 232.000000, 67.000000, 20.000000,237.000000, 69.000000, 21.000000
1696452375339, 650.000000, 233.000000, 68.000000, 20.000000,236.000000, 68.000000, 21.000000
1696452375388, 659.000000, 234.000000, 68.000000, 20.000000,237.000000, 67.000000, 21.000000
1696452375438, 657.000000, 233.000000, 69.000000, 20.000000,237.000000, 69.000000, 21.000000
1696452375487, 659.000000, 234.000000, 68.000000, 21.000000,237.000000, 68.000000, 21.000000
1696452375554, 667.000000, 232.000000, 68.000000, 20.000000,236.000000, 68.000000, 21.000000
1696452375586, 428.000000, 110.000000, 68.000000, 21.000000,114.000000, 68.000000, 21.000000
1696452375637, 656.000000, 232.000000, 68.000000, 20.000000,236.000000, 68.000000, 21.000000
1696452375695, 593.000000, 112.000000, 67.000000, 20.000000,123.000000, 68.000000, 20.000000
1696452375734, 653.000000, 233.000000, 68.000000, 20.000000,230.000000, 68.000000, 21.000000
1696452375803, 664.000000, 233.000000, 68.000000, 20.000000,235.000000, 68.000000, 21.000000
1696452375854, 657.000000, 233.000000, 68.000000, 20.000000,236.000000, 68.000000, 21.000000
1696452375886, 653.000000, 174.000000, 69.000000, 22.000000,156.000000, 69.000000, 22.000000
1696452375954, 670.000000, 233.000000, 68.000000, 20.000000,244.000000, 68.000000, 21.000000
1696452376004, 672.000000, 232.000000, 68.000000, 20.000000,244.000000, 67.000000, 21.000000
1696452376052, 670.000000, 236.000000, 68.000000, 21.000000,242.000000, 68.000000, 22.000000
1696452376101, 637.000000, 124.000000, 67.000000, 20.000000,136.000000, 68.000000, 21.000000
1696452376134, 679.000000, 233.000000, 68.000000, 20.000000,245.000000, 67.000000, 21.000000
1696452376183, 650.000000, 233.000000, 68.000000, 20.000000,236.000000, 68.000000, 21.000000
1696452376252, 670.000000, 235.000000, 68.000000, 21.000000,236.000000, 67.000000, 21.000000
1696452376304, 443.000000, 210.000000, 68.000000, 21.000000,203.000000, 68.000000, 22.000000
1696452376356, 659.000000, 236.000000, 68.000000, 20.000000,236.000000, 68.000000, 21.000000
1696452376404, 655.000000, 233.000000, 68.000000, 21.000000,237.000000, 68.000000, 22.000000
1696452376452, 670.000000, 233.000000, 67.000000, 20.000000,236.000000, 68.000000, 21.000000
1696452376503, 437.000000, 109.000000, 68.000000, 20.000000,117.000000, 68.000000, 21.000000
1696452376554, 655.000000, 233.000000, 68.000000, 20.000000,235.000000, 68.000000, 21.000000
1696452376586, 665.000000, 232.000000, 68.000000, 21.000000,234.000000, 68.000000, 21.000000
1696452376638, 666.000000, 234.000000, 68.000000, 21.000000,235.000000, 68.000000, 21.000000
1696452376703, 675.000000, 234.000000, 68.000000, 20.000000,233.000000, 68.000000, 21.000000
1696452376738, 659.000000, 233.000000, 68.000000, 21.000000,235.000000, 67.000000, 21.000000
1696452376802, 433.000000, 108.000000, 69.000000, 21.000000,117.000000, 68.000000, 21.000000
1696452376837, 670.000000, 232.000000, 68.000000, 20.000000,235.000000, 68.000000, 21.000000
1696452376887, 656.000000, 233.000000, 68.000000, 20.000000,232.000000, 68.000000, 21.000000
1696452376936, 661.000000, 234.000000, 68.000000, 20.000000,233.000000, 68.000000, 21.000000
1696452376995, 560.000000, 235.000000, 69.000000, 21.000000,234.000000, 68.000000, 21.000000
1696452377036, 657.000000, 234.000000, 69.000000, 20.000000,235.000000, 68.000000, 21.000000
1696452377086, 472.000000, 108.000000, 68.000000, 21.000000,115.000000, 67.000000, 21.000000
1696452377136, 655.000000, 233.000000, 69.000000, 21.000000,235.000000, 69.000000, 21.000000
1696452377186, 646.000000, 234.000000, 69.000000, 21.000000,243.000000, 68.000000, 22.000000
1696452377254, 670.000000, 232.000000, 69.000000, 21.000000,243.000000, 69.000000, 21.000000
1696452377302, 446.000000, 108.000000, 68.000000, 21.000000,125.000000, 69.000000, 21.000000
1696452377340, 672.000000, 233.000000, 68.000000, 20.000000,242.000000, 68.000000, 21.000000
1696452377390, 470.000000, 108.000000, 69.000000, 20.000000,128.000000, 69.000000, 21.000000
1696452377439, 670.000000, 235.000000, 68.000000, 21.000000,242.000000, 68.000000, 21.000000
1696452377486, 446.000000, 108.000000, 68.000000, 21.000000,117.000000, 68.000000, 21.000000
1696452377552, 655.000000, 234.000000, 68.000000, 20.000000,235.000000, 69.000000, 21.000000
1696452377585, 653.000000, 234.000000, 69.000000, 21.000000,235.000000, 68.000000, 21.000000
1696452377643, 664.000000, 234.000000, 69.000000, 21.000000,234.000000, 68.000000, 21.000000
1696452377683, 655.000000, 234.000000, 68.000000, 20.000000,234.000000, 68.000000, 21.000000
1696452377754, 659.000000, 234.000000, 68.000000, 20.000000,235.000000, 68.000000, 21.000000
1696452377804, 670.000000, 232.000000, 68.000000, 20.000000,239.000000, 68.000000, 21.000000
1696452377842, 593.000000, 111.000000, 70.000000, 21.000000,109.000000, 69.000000, 21.000000
1696452377895, 442.000000, 108.000000, 68.000000, 21.000000,116.000000, 68.000000, 21.000000
1696452377952, 670.000000, 233.000000, 69.000000, 21.000000,235.000000, 68.000000, 21.000000
1696452377985, 655.000000, 233.000000, 68.000000, 21.000000,236.000000, 68.000000, 21.000000
1696452378035, 668.000000, 232.000000, 68.000000, 21.000000,234.000000, 68.000000, 21.000000
1696452378100, 426.000000, 152.000000, 67.000000, 20.000000,146.000000, 68.000000, 21.000000
1696452378137, 661.000000, 234.000000, 68.000000, 20.000000,231.000000, 68.000000, 21.000000
1696452378192, 663.000000, 231.000000, 69.000000, 20.000000,237.000000, 67.000000, 21.000000
1696452378232, 424.000000, 108.000000, 69.000000, 20.000000,110.000000, 69.000000, 20.000000
1696452378305, 658.000000, 233.000000, 69.000000, 20.000000,235.000000, 67.000000, 21.000000
1696452378365, 501.000000, 108.000000, 69.000000, 20.000000,172.000000, 69.000000, 21.000000
1696452378415, 433.000000, 109.000000, 68.000000, 21.000000,116.000000, 68.000000, 21.000000
1696452378456, 670.000000, 234.000000, 69.000000, 20.000000,243.000000, 69.000000, 21.000000
1696452378507, 670.000000, 233.000000, 68.000000, 21.000000,244.000000, 67.000000, 21.000000
1696452378574, 670.000000, 233.000000, 69.000000, 20.000000,245.000000, 69.000000, 21.000000
1696452378622, 628.000000, 234.000000, 68.000000, 21.000000,241.000000, 67.000000, 22.000000
1696452378654, 672.000000, 233.000000, 69.000000, 21.000000,242.000000, 67.000000, 21.000000
1696452378700, 670.000000, 232.000000, 68.000000, 20.000000,242.000000, 69.000000, 21.000000
1696452378750, 439.000000, 105.000000, 68.000000, 20.000000,116.000000, 67.000000, 21.000000
1696452378813, 655.000000, 232.000000, 68.000000, 20.000000,235.000000, 68.000000, 21.000000
1696452378847, 655.000000, 232.000000, 68.000000, 20.000000,235.000000, 68.000000, 21.000000
1696452378894, 661.000000, 232.000000, 68.000000, 21.000000,235.000000, 67.000000, 21.000000
1696452378944, 653.000000, 233.000000, 68.000000, 21.000000,234.000000, 69.000000, 21.000000
1696452378996, 668.000000, 232.000000, 68.000000, 20.000000,235.000000, 68.000000, 21.000000
1696452379046, 654.000000, 233.000000, 69.000000, 20.000000,235.000000, 67.000000, 21.000000
1696452379105, 664.000000, 233.000000, 68.000000, 20.000000,236.000000, 68.000000, 21.000000
1696452379146, 657.000000, 232.000000, 67.000000, 20.000000,234.000000, 68.000000, 21.000000
1696452379196, 609.000000, 114.000000, 66.000000, 19.000000,132.000000, 67.000000, 19.000000
1696452379244, 653.000000, 233.000000, 68.000000, 20.000000,234.000000, 68.000000, 21.000000
1696452379297, 659.000000, 233.000000, 68.000000, 20.000000,234.000000, 68.000000, 21.000000
1696452379349, 650.000000, 232.000000, 68.000000, 20.000000,234.000000, 68.000000, 21.000000
1696452379405, 670.000000, 233.000000, 68.000000, 20.000000,233.000000, 68.000000, 21.000000
1696452379447, 655.000000, 233.000000, 68.000000, 21.000000,235.000000, 68.000000, 21.000000
1696452379498, 670.000000, 232.000000, 68.000000, 20.000000,235.000000, 68.000000, 21.000000
1696452379555, 657.000000, 231.000000, 68.000000, 20.000000,237.000000, 68.000000, 21.000000
1696452379596, 444.000000, 106.000000, 68.000000, 20.000000,110.000000, 68.000000, 20.000000
1696452379644, 670.000000, 232.000000, 68.000000, 21.000000,237.000000, 69.000000, 21.000000
1696452379698, 661.000000, 234.000000, 68.000000, 21.000000,235.000000, 67.000000, 21.000000
1696452379744, 672.000000, 233.000000, 68.000000, 20.000000,242.000000, 68.000000, 21.000000
1696452379797, 455.000000, 106.000000, 68.000000, 20.000000,126.000000, 68.000000, 21.000000
1696452379847, 657.000000, 231.000000, 68.000000, 20.000000,244.000000, 67.000000, 21.000000
1696452379914, 670.000000, 233.000000, 68.000000, 20.000000,247.000000, 68.000000, 22.000000
1696452379946, 657.000000, 233.000000, 68.000000, 20.000000,242.000000, 67.000000, 21.000000
1696452380028, 654.000000, 233.000000, 68.000000, 20.000000,238.000000, 68.000000, 21.000000
1696452380072, 644.000000, 233.000000, 68.000000, 21.000000,235.000000, 67.000000, 21.000000
1696452380122, 670.000000, 232.000000, 68.000000, 20.000000,235.000000, 68.000000, 21.000000
1696452380168, 654.000000, 232.000000, 68.000000, 20.000000,232.000000, 68.000000, 21.000000
1696452380219, 670.000000, 233.000000, 68.000000, 20.000000,235.000000, 67.000000, 21.000000
1696452380282, 650.000000, 233.000000, 68.000000, 20.000000,234.000000, 68.000000, 21.000000
1696452380333, 670.000000, 231.000000, 68.000000, 20.000000,237.000000, 67.000000, 21.000000
1696452380370, 670.000000, 231.000000, 68.000000, 20.000000,237.000000, 67.000000, 21.000000
1696452380416, 655.000000, 233.000000, 68.000000, 20.000000,237.000000, 67.000000, 21.000000
1696452380467, 672.000000, 231.000000, 68.000000, 20.000000,236.000000, 67.000000, 21.000000
1696452380518, 424.000000, 105.000000, 68.000000, 20.000000,112.000000, 68.000000, 20.000000
1696452380580, 611.000000, 233.000000, 68.000000, 20.000000,235.000000, 67.000000, 21.000000
1696452380632, 666.000000, 233.000000, 68.000000, 20.000000,237.000000, 67.000000, 21.000000
1696452380669, 656.000000, 231.000000, 68.000000, 20.000000,236.000000, 67.000000, 20.000000
1696452380716, 499.000000, 106.000000, 67.000000, 20.000000,172.000000, 67.000000, 20.000000
1696452380767, 657.000000, 231.000000, 68.000000, 20.000000,236.000000, 67.000000, 21.000000
1696452380817, 653.000000, 233.000000, 68.000000, 21.000000,235.000000, 67.000000, 21.000000
1696452380884, 650.000000, 232.000000, 69.000000, 20.000000,235.000000, 67.000000, 21.000000
1696452380934, 657.000000, 234.000000, 68.000000, 20.000000,235.000000, 68.000000, 21.000000
1696452380985, 648.000000, 233.000000, 69.000000, 20.000000,234.000000, 67.000000, 21.000000
1696452381037, 439.000000, 105.000000, 69.000000, 21.000000,123.000000, 68.000000, 21.000000
1696452381087, 670.000000, 233.000000, 67.000000, 20.000000,245.000000, 68.000000, 21.000000
1696452381155, 677.000000, 207.000000, 68.000000, 21.000000,231.000000, 69.000000, 21.000000
1696452381203, 670.000000, 233.000000, 68.000000, 20.000000,245.000000, 68.000000, 21.000000
1696452381239, 435.000000, 107.000000, 68.000000, 21.000000,120.000000, 68.000000, 21.000000
1696452381295, 661.000000, 233.000000, 69.000000, 20.000000,239.000000, 68.000000, 21.000000
1696452381336, 675.000000, 175.000000, 69.000000, 21.000000,172.000000, 68.000000, 22.000000
1696452381387, 664.000000, 232.000000, 69.000000, 21.000000,235.000000, 69.000000, 22.000000
1696452381438, 435.000000, 106.000000, 69.000000, 21.000000,116.000000, 68.000000, 21.000000
1696452381502, 654.000000, 232.000000, 69.000000, 21.000000,237.000000, 69.000000, 21.000000
1696452381536, 659.000000, 169.000000, 68.000000, 20.000000,155.000000, 67.000000, 21.000000
1696452381587, 657.000000, 231.000000, 68.000000, 20.000000,232.000000, 67.000000, 21.000000
1696452381651, 461.000000, 110.000000, 69.000000, 21.000000,115.000000, 69.000000, 21.000000
1696452381687, 655.000000, 236.000000, 68.000000, 21.000000,238.000000, 68.000000, 22.000000
1696452381736, 657.000000, 186.000000, 69.000000, 21.000000,203.000000, 69.000000, 22.000000
1696452381803, 659.000000, 232.000000, 68.000000, 20.000000,233.000000, 67.000000, 21.000000
1696452381837, 644.000000, 232.000000, 68.000000, 21.000000,233.000000, 68.000000, 21.000000
1696452381886, 650.000000, 234.000000, 68.000000, 21.000000,235.000000, 68.000000, 21.000000
1696452381945, 439.000000, 107.000000, 68.000000, 21.000000,114.000000, 68.000000, 21.000000
1696452381983, 648.000000, 233.000000, 68.000000, 21.000000,233.000000, 69.000000, 21.000000
1696452382053, 657.000000, 232.000000, 68.000000, 20.000000,132.000000, 67.000000, 20.000000
1696452382101, 652.000000, 232.000000, 68.000000, 21.000000,233.000000, 68.000000, 21.000000
1696452382152, 655.000000, 232.000000, 68.000000, 21.000000,234.000000, 68.000000, 21.000000
1696452382215, 657.000000, 232.000000, 69.000000, 20.000000,233.000000, 69.000000, 21.000000
1696452382261, 655.000000, 234.000000, 68.000000, 21.000000,237.000000, 67.000000, 21.000000
1696452382298, 670.000000, 234.000000, 68.000000, 20.000000,243.000000, 68.000000, 21.000000
1696452382364, 670.000000, 233.000000, 68.000000, 20.000000,244.000000, 69.000000, 21.000000
1696452382412, 657.000000, 233.000000, 69.000000, 21.000000,244.000000, 67.000000, 21.000000
1696452382446, 670.000000, 233.000000, 68.000000, 21.000000,241.000000, 68.000000, 22.000000
1696452382497, 497.000000, 105.000000, 69.000000, 21.000000,125.000000, 68.000000, 22.000000
1696452382544, 666.000000, 232.000000, 67.000000, 20.000000,242.000000, 68.000000, 21.000000
1696452382595, 433.000000, 145.000000, 67.000000, 20.000000,159.000000, 68.000000, 20.000000
1696452382646, 663.000000, 233.000000, 69.000000, 20.000000,234.000000, 67.000000, 21.000000
1696452382697, 466.000000, 105.000000, 69.000000, 21.000000,118.000000, 67.000000, 21.000000
1696452382747, 659.000000, 233.000000, 69.000000, 20.000000,237.000000, 67.000000, 21.000000
1696452382814, 587.000000, 233.000000, 68.000000, 20.000000,169.000000, 67.000000, 21.000000
1696452382846, 670.000000, 233.000000, 69.000000, 20.000000,231.000000, 67.000000, 21.000000
1696452382905, 437.000000, 105.000000, 68.000000, 21.000000,132.000000, 69.000000, 21.000000
1696452382944, 670.000000, 232.000000, 69.000000, 20.000000,236.000000, 67.000000, 21.000000
1696452382991, 665.000000, 233.000000, 68.000000, 20.000000,234.000000, 67.000000, 21.000000
1696452383040, 431.000000, 102.000000, 67.000000, 20.000000,116.000000, 68.000000, 20.000000
1696452383090, 666.000000, 232.000000, 69.000000, 20.000000,237.000000, 68.000000, 21.000000
1696452383136, 457.000000, 104.000000, 68.000000, 20.000000,114.000000, 69.000000, 21.000000
1696452383187, 665.000000, 233.000000, 68.000000, 20.000000,236.000000, 67.000000, 21.000000
1696452383236, 655.000000, 233.000000, 68.000000, 20.000000,235.000000, 67.000000, 21.000000
1696452383295, 670.000000, 200.000000, 68.000000, 20.000000,217.000000, 69.000000, 20.000000
1696452383334, 658.000000, 231.000000, 68.000000, 20.000000,235.000000, 67.000000, 21.000000
1696452383404, 670.000000, 232.000000, 67.000000, 20.000000,235.000000, 68.000000, 21.000000
1696452383456, 657.000000, 234.000000, 69.000000, 21.000000,110.000000, 67.000000, 20.000000
1696452383512, 661.000000, 233.000000, 68.000000, 20.000000,234.000000, 68.000000, 21.000000
1696452383565, 650.000000, 233.000000, 69.000000, 20.000000,234.000000, 67.000000, 21.000000
1696452383605, 672.000000, 233.000000, 69.000000, 21.000000,243.000000, 67.000000, 21.000000
1696452383651, 670.000000, 232.000000, 68.000000, 20.000000,243.000000, 67.000000, 21.000000
1696452383701, 672.000000, 234.000000, 68.000000, 20.000000,244.000000, 67.000000, 21.000000
1696452383773, 670.000000, 233.000000, 68.000000, 20.000000,244.000000, 68.000000, 24.000000
1696452383825, 675.000000, 234.000000, 69.000000, 21.000000,244.000000, 68.000000, 21.000000
1696452383895, 650.000000, 233.000000, 68.000000, 20.000000,235.000000, 67.000000, 21.000000
1696452383964, 672.000000, 233.000000, 68.000000, 21.000000,236.000000, 69.000000, 21.000000
1696452384013, 650.000000, 233.000000, 68.000000, 21.000000,233.000000, 68.000000, 21.000000
1696452384045, 420.000000, 103.000000, 69.000000, 20.000000,105.000000, 68.000000, 21.000000
1696452384091, 670.000000, 232.000000, 69.000000, 20.000000,234.000000, 69.000000, 21.000000
1696452384141, 661.000000, 232.000000, 69.000000, 21.000000,235.000000, 67.000000, 21.000000
1696452384190, 670.000000, 234.000000, 69.000000, 21.000000,236.000000, 68.000000, 21.000000
1696452384236, 650.000000, 232.000000, 68.000000, 20.000000,235.000000, 67.000000, 21.000000
1696452384287, 652.000000, 232.000000, 69.000000, 20.000000,235.000000, 67.000000, 21.000000
1696452384338, 431.000000, 103.000000, 68.000000, 21.000000,111.000000, 68.000000, 21.000000
1696452384387, 657.000000, 234.000000, 69.000000, 20.000000,235.000000, 67.000000, 21.000000
1696452384436, 665.000000, 232.000000, 68.000000, 20.000000,234.000000, 68.000000, 20.000000
1696452384486, 472.000000, 103.000000, 68.000000, 21.000000,168.000000, 68.000000, 21.000000
1696452384545, 492.000000, 231.000000, 68.000000, 20.000000,232.000000, 68.000000, 20.000000
1696452384584, 655.000000, 234.000000, 68.000000, 20.000000,235.000000, 67.000000, 21.000000
1696452384645, 661.000000, 233.000000, 69.000000, 21.000000,236.000000, 67.000000, 21.000000
1696452384682, 442.000000, 232.000000, 67.000000, 20.000000,232.000000, 68.000000, 21.000000
1696452384744, 665.000000, 232.000000, 69.000000, 21.000000,237.000000, 67.000000, 21.000000
1696452384778, 665.000000, 232.000000, 69.000000, 21.000000,110.000000, 69.000000, 21.000000
1696452384844, 655.000000, 233.000000, 68.000000, 21.000000,235.000000, 67.000000, 21.000000
1696452384895, 663.000000, 232.000000, 69.000000, 20.000000,242.000000, 68.000000, 21.000000
1696452384927, 446.000000, 103.000000, 69.000000, 21.000000,119.000000, 69.000000, 21.000000
1696452384978, 670.000000, 233.000000, 68.000000, 21.000000,244.000000, 67.000000, 21.000000
1696452385067, 663.000000, 233.000000, 69.000000, 21.000000,244.000000, 67.000000, 21.000000
1696452385099, 663.000000, 233.000000, 69.000000, 21.000000,117.000000, 69.000000, 20.000000
1696452385164, 670.000000, 232.000000, 69.000000, 20.000000,237.000000, 68.000000, 21.000000
1696452385196, 657.000000, 233.000000, 69.000000, 20.000000,236.000000, 67.000000, 21.000000
1696452385264, 661.000000, 232.000000, 68.000000, 20.000000,235.000000, 68.000000, 21.000000
1696452385312, 646.000000, 233.000000, 70.000000, 20.000000,234.000000, 67.000000, 21.000000
1696452385344, 602.000000, 105.000000, 68.000000, 20.000000,118.000000, 67.000000, 20.000000
1696452385390, 666.000000, 234.000000, 68.000000, 20.000000,235.000000, 69.000000, 21.000000
1696452385439, 648.000000, 233.000000, 69.000000, 21.000000,235.000000, 67.000000, 21.000000
1696452385495, 659.000000, 234.000000, 69.000000, 20.000000,235.000000, 67.000000, 21.000000
1696452385537, 657.000000, 234.000000, 68.000000, 20.000000,235.000000, 69.000000, 21.000000
1696452385586, 664.000000, 232.000000, 69.000000, 20.000000,235.000000, 67.000000, 21.000000
1696452385637, 661.000000, 233.000000, 68.000000, 21.000000,235.000000, 69.000000, 21.000000
1696452385695, 411.000000, 103.000000, 68.000000, 20.000000,109.000000, 67.000000, 20.000000
1696452385731, 657.000000, 233.000000, 69.000000, 20.000000,237.000000, 67.000000, 21.000000
1696452385796, 637.000000, 106.000000, 68.000000, 20.000000,117.000000, 68.000000, 20.000000
1696452385831, 657.000000, 232.000000, 69.000000, 20.000000,236.000000, 67.000000, 21.000000
1696452385895, 655.000000, 233.000000, 68.000000, 20.000000,234.000000, 68.000000, 21.000000
1696452385941, 654.000000, 232.000000, 68.000000, 20.000000,235.000000, 68.000000, 21.000000
1696452385977, 653.000000, 233.000000, 69.000000, 20.000000,235.000000, 68.000000, 21.000000
1696452386035, 656.000000, 231.000000, 68.000000, 20.000000,234.000000, 67.000000, 21.000000
1696452386085, 650.000000, 232.000000, 68.000000, 20.000000,230.000000, 67.000000, 21.000000
1696452386147, 670.000000, 234.000000, 68.000000, 20.000000,243.000000, 67.000000, 21.000000
1696452386197, 657.000000, 233.000000, 68.000000, 21.000000,243.000000, 67.000000, 21.000000
1696452386245, 422.000000, 106.000000, 68.000000, 20.000000,129.000000, 68.000000, 20.000000
1696452386314, 659.000000, 233.000000, 68.000000, 21.000000,243.000000, 68.000000, 21.000000
1696452386353, 420.000000, 103.000000, 69.000000, 21.000000,110.000000, 69.000000, 21.000000
1696452386393, 675.000000, 234.000000, 67.000000, 21.000000,240.000000, 67.000000, 21.000000
1696452386438, 648.000000, 233.000000, 69.000000, 21.000000,235.000000, 68.000000, 21.000000
1696452386488, 657.000000, 206.000000, 68.000000, 20.000000,219.000000, 68.000000, 21.000000
1696452386539, 662.000000, 232.000000, 68.000000, 20.000000,233.000000, 68.000000, 21.000000
1696452386588, 661.000000, 232.000000, 69.000000, 21.000000,235.000000, 68.000000, 21.000000
1696452386637, 670.000000, 234.000000, 69.000000, 21.000000,235.000000, 69.000000, 21.000000
1696452386686, 426.000000, 104.000000, 69.000000, 21.000000,112.000000, 69.000000, 21.000000
1696452386737, 666.000000, 234.000000, 68.000000, 20.000000,235.000000, 68.000000, 21.000000
1696452386803, 657.000000, 233.000000, 68.000000, 20.000000,234.000000, 68.000000, 21.000000
1696452386851, 664.000000, 232.000000, 69.000000, 21.000000,234.000000, 69.000000, 21.000000
1696452386886, 426.000000, 154.000000, 67.000000, 20.000000,145.000000, 68.000000, 20.000000
1696452386936, 657.000000, 231.000000, 68.000000, 20.000000,235.000000, 67.000000, 21.000000
1696452386986, 431.000000, 104.000000, 70.000000, 21.000000,112.000000, 69.000000, 21.000000
1696452387036, 653.000000, 235.000000, 68.000000, 21.000000,234.000000, 67.000000, 21.000000
1696452387086, 439.000000, 102.000000, 68.000000, 20.000000,111.000000, 68.000000, 21.000000
1696452387136, 670.000000, 232.000000, 70.000000, 21.000000,237.000000, 69.000000, 21.000000
1696452387203, 494.000000, 105.000000, 68.000000, 21.000000,170.000000, 68.000000, 21.000000
1696452387235, 670.000000, 233.000000, 69.000000, 20.000000,236.000000, 69.000000, 20.000000
1696452387304, 672.000000, 232.000000, 68.000000, 20.000000,234.000000, 68.000000, 21.000000
1696452387376, 672.000000, 232.000000, 69.000000, 20.000000,236.000000, 68.000000, 21.000000
1696452387444, 501.000000, 104.000000, 69.000000, 21.000000,177.000000, 69.000000, 21.000000
1696452387491, 672.000000, 232.000000, 69.000000, 20.000000,244.000000, 68.000000, 21.000000
1696452387527, 431.000000, 232.000000, 69.000000, 20.000000,240.000000, 67.000000, 21.000000
1696452387593, 659.000000, 234.000000, 68.000000, 20.000000,242.000000, 67.000000, 21.000000
1696452387625, 439.000000, 103.000000, 69.000000, 21.000000,121.000000, 68.000000, 21.000000
1696452387695, 666.000000, 238.000000, 69.000000, 21.000000,239.000000, 69.000000, 21.000000
1696452387746, 466.000000, 102.000000, 68.000000, 20.000000,114.000000, 67.000000, 20.000000
1696452387805, 653.000000, 233.000000, 68.000000, 21.000000,236.000000, 69.000000, 21.000000
1696452387855, 644.000000, 234.000000, 68.000000, 20.000000,233.000000, 67.000000, 21.000000
1696452387892, 675.000000, 233.000000, 69.000000, 20.000000,235.000000, 67.000000, 21.000000
1696452387938, 655.000000, 234.000000, 68.000000, 20.000000,235.000000, 69.000000, 21.000000
1696452387988, 670.000000, 234.000000, 68.000000, 20.000000,235.000000, 67.000000, 21.000000
1696452388037, 657.000000, 233.000000, 69.000000, 21.000000,235.000000, 68.000000, 21.000000
1696452388086, 595.000000, 234.000000, 68.000000, 20.000000,234.000000, 67.000000, 21.000000
1696452388146, 664.000000, 232.000000, 68.000000, 20.000000,234.000000, 68.000000, 21.000000
1696452388186, 426.000000, 103.000000, 68.000000, 21.000000,109.000000, 68.000000, 21.000000
1696452388243, 654.000000, 233.000000, 68.000000, 20.000000,235.000000, 67.000000, 21.000000
1696452388302, 652.000000, 233.000000, 68.000000, 20.000000,235.000000, 68.000000, 21.000000
1696452388335, 552.000000, 104.000000, 68.000000, 20.000000,104.000000, 68.000000, 20.000000
1696452388381, 655.000000, 232.000000, 68.000000, 20.000000,235.000000, 68.000000, 21.000000
1696452388445, 668.000000, 234.000000, 68.000000, 20.000000,235.000000, 68.000000, 21.000000
1696452388480, 655.000000, 232.000000, 68.000000, 20.000000,235.000000, 67.000000, 21.000000
1696452388535, 591.000000, 232.000000, 68.000000, 20.000000,230.000000, 68.000000, 21.000000
1696452388578, 668.000000, 233.000000, 67.000000, 20.000000,235.000000, 68.000000, 21.000000
1696452388644, 468.000000, 106.000000, 68.000000, 21.000000,115.000000, 69.000000, 21.000000
1696452388692, 659.000000, 233.000000, 68.000000, 20.000000,235.000000, 69.000000, 20.000000
1696452388728, 654.000000, 233.000000, 68.000000, 21.000000,241.000000, 67.000000, 21.000000
1696452388795, 664.000000, 233.000000, 68.000000, 20.000000,243.000000, 69.000000, 21.000000
1696452388844, 637.000000, 233.000000, 69.000000, 21.000000,244.000000, 68.000000, 21.000000
1696452388896, 675.000000, 233.000000, 68.000000, 20.000000,245.000000, 68.000000, 21.000000
1696452388947, 479.000000, 103.000000, 69.000000, 21.000000,114.000000, 69.000000, 22.000000
1696452389014, 670.000000, 233.000000, 68.000000, 20.000000,235.000000, 68.000000, 21.000000
1696452389062, 650.000000, 232.000000, 68.000000, 21.000000,235.000000, 69.000000, 21.000000
1696452389095, 450.000000, 106.000000, 69.000000, 21.000000,104.000000, 69.000000, 21.000000
1696452389141, 670.000000, 234.000000, 69.000000, 21.000000,235.000000, 68.000000, 21.000000
1696452389194, 653.000000, 232.000000, 68.000000, 21.000000,233.000000, 68.000000, 21.000000
1696452389255, 415.000000, 114.000000, 68.000000, 20.000000,95.000000, 68.000000, 21.000000
1696452389332, 404.000000, 115.000000, 68.000000, 21.000000,94.000000, 69.000000, 20.000000
1696452389375, 404.000000, 112.000000, 69.000000, 21.000000,98.000000, 69.000000, 21.000000
1696452389420, 400.000000, 116.000000, 68.000000, 21.000000,92.000000, 69.000000, 21.000000
1696452389477, 406.000000, 114.000000, 69.000000, 21.000000,94.000000, 69.000000, 21.000000
1696452389546, 411.000000, 114.000000, 68.000000, 22.000000,99.000000, 68.000000, 21.000000
1696452389594, 472.000000, 113.000000, 104.000000, 21.000000,94.000000, 99.000000, 20.000000
1696452389627, 472.000000, 113.000000, 104.000000, 21.000000,94.000000, 99.000000, 20.000000
1696452389682, 475.000000, 116.000000, 99.000000, 21.000000,100.000000, 100.000000, 21.000000
1696452389740, 448.000000, 90.000000, 100.000000, 21.000000,96.000000, 101.000000, 21.000000
1696452389779, 442.000000, 89.000000, 99.000000, 21.000000,97.000000, 100.000000, 21.000000
1696452389846, 453.000000, 92.000000, 100.000000, 20.000000,93.000000, 101.000000, 21.000000
1696452389877, 433.000000, 88.000000, 99.000000, 21.000000,91.000000, 100.000000, 21.000000
1696452389926, 431.000000, 85.000000, 99.000000, 20.000000,89.000000, 100.000000, 20.000000
1696452389976, 442.000000, 86.000000, 100.000000, 21.000000,89.000000, 101.000000, 21.000000
1696452390026, 431.000000, 86.000000, 99.000000, 21.000000,93.000000, 101.000000, 21.000000
1696452390076, 448.000000, 87.000000, 100.000000, 21.000000,95.000000, 101.000000, 21.000000
1696452390127, 435.000000, 86.000000, 99.000000, 21.000000,95.000000, 100.000000, 21.000000
1696452390177, 446.000000, 86.000000, 100.000000, 21.000000,98.000000, 100.000000, 21.000000
1696452390227, 444.000000, 86.000000, 100.000000, 21.000000,93.000000, 100.000000, 21.000000
1696452390276, 442.000000, 84.000000, 99.000000, 21.000000,95.000000, 100.000000, 21.000000
1696452390327, 435.000000, 83.000000, 100.000000, 21.000000,86.000000, 101.000000, 20.000000
1696452390376, 433.000000, 83.000000, 99.000000, 20.000000,88.000000, 101.000000, 20.000000
1696452390426, 435.000000, 84.000000, 100.000000, 21.000000,87.000000, 100.000000, 21.000000
1696452390476, 433.000000, 84.000000, 100.000000, 21.000000,87.000000, 101.000000, 21.000000
1696452390527, 439.000000, 84.000000, 100.000000, 21.000000,87.000000, 100.000000, 21.000000
1696452390576, 439.000000, 85.000000, 100.000000, 21.000000,88.000000, 101.000000, 21.000000
1696452390626, 428.000000, 86.000000, 100.000000, 21.000000,91.000000, 101.000000, 21.000000
1696452390676, 433.000000, 85.000000, 99.000000, 20.000000,86.000000, 100.000000, 21.000000
1696452390727, 426.000000, 85.000000, 99.000000, 21.000000,86.000000, 101.000000, 21.000000
1696452390776, 433.000000, 85.000000, 99.000000, 21.000000,87.000000, 101.000000, 21.000000
1696452390826, 435.000000, 85.000000, 100.000000, 21.000000,90.000000, 101.000000, 21.000000
1696452390858, 428.000000, 86.000000, 100.000000, 21.000000,87.000000, 101.000000, 21.000000
