#   index    LocalEnergy         LocalEnergy_sq      LocalPotential      Kinetic             LocalECP            IonIon              ElecElec            BlockWeight         BlockCPU            AcceptRatio         
         0   -8.5350158608e+00    7.2989707753e+01   -1.6218479996e+01    7.6834641356e+00   -1.1955430936e+01   -3.6892268292e+00   -5.7382223157e-01    1.0239900000e+05    2.7408004950e-01    9.9701917059e-01
         1   -8.5402150653e+00    7.3077265280e+01   -1.6197990578e+01    7.6577755131e+00   -1.1948000956e+01   -3.6892268292e+00   -5.6076279329e-01    1.0240900000e+05    2.4323595781e-01    9.9710945782e-01
         2   -8.5415937516e+00    7.3101921693e+01   -1.6147719976e+01    7.6061262240e+00   -1.1890925770e+01   -3.6892268292e+00   -5.6756737685e-01    1.0238000000e+05    2.4284580144e-01    9.9703081864e-01
         3   -8.5471103283e+00    7.3198828238e+01   -1.6090865274e+01    7.5437549461e+00   -1.1835051498e+01   -3.6892268292e+00   -5.6658694686e-01    1.0237100000e+05    2.3835864306e-01    9.9726266569e-01
         4   -8.5463591790e+00    7.3185206751e+01   -1.6118742687e+01    7.5723835080e+00   -1.1859426137e+01   -3.6892268292e+00   -5.7008972107e-01    1.0239800000e+05    2.4451112238e-01    9.9699669441e-01
         5   -8.5419957516e+00    7.3108721247e+01   -1.6174081316e+01    7.6320855639e+00   -1.1899566636e+01   -3.6892268292e+00   -5.8528785056e-01    1.0237000000e+05    2.4458225831e-01    9.9701083106e-01
         6   -8.5454189250e+00    7.3170219187e+01   -1.6144850471e+01    7.5994315460e+00   -1.1879036454e+01   -3.6892268292e+00   -5.7658718792e-01    1.0241100000e+05    2.4772862200e-01    9.9701446164e-01
         7   -8.5417996662e+00    7.3103978592e+01   -1.6098244333e+01    7.5564446665e+00   -1.1808342569e+01   -3.6892268292e+00   -6.0067493408e-01    1.0241400000e+05    2.4100419744e-01    9.9708533653e-01
         8   -8.5456019308e+00    7.3168075553e+01   -1.6098989420e+01    7.5533874897e+00   -1.1822495742e+01   -3.6892268292e+00   -5.8726684960e-01    1.0242100000e+05    2.4431750856e-01    9.9708803237e-01
         9   -8.5530834115e+00    7.3298857923e+01   -1.6174977012e+01    7.6218936002e+00   -1.1922572312e+01   -3.6892268292e+00   -5.6317787061e-01    1.0239900000e+05    2.5461228731e-01    9.9699212574e-01
        10   -8.5565246182e+00    7.3359842231e+01   -1.6133295388e+01    7.5767707697e+00   -1.1899527776e+01   -3.6892268292e+00   -5.4454078282e-01    1.0241300000e+05    2.4494934019e-01    9.9726366492e-01
        11   -8.5548906755e+00    7.3334372028e+01   -1.6243385141e+01    7.6884944651e+00   -1.1998529181e+01   -3.6892268292e+00   -5.5562913019e-01    1.0232200000e+05    2.4670641575e-01    9.9704137545e-01
        12   -8.5494027059e+00    7.3238639002e+01   -1.6216469701e+01    7.6670669954e+00   -1.1965943408e+01   -3.6892268292e+00   -5.6129946375e-01    1.0235900000e+05    2.4204557919e-01    9.9711048448e-01
        13   -8.5512397371e+00    7.3269723766e+01   -1.6232257521e+01    7.6810177838e+00   -1.1983740060e+01   -3.6892268292e+00   -5.5929063158e-01    1.0225600000e+05    2.4528593100e-01    9.9707855847e-01
        14   -8.5491762776e+00    7.3233876076e+01   -1.6181337853e+01    7.6321615751e+00   -1.1937758566e+01   -3.6892268292e+00   -5.5435245783e-01    1.0231100000e+05    2.4263677219e-01    9.9692854505e-01
        15   -8.5464218271e+00    7.3184841449e+01   -1.6132017451e+01    7.5855956243e+00   -1.1867940056e+01   -3.6892268292e+00   -5.7485056664e-01    1.0228400000e+05    2.4406172356e-01    9.9694972803e-01
        16   -8.5496996954e+00    7.3243397738e+01   -1.6106554146e+01    7.5568544510e+00   -1.1847529478e+01   -3.6892268292e+00   -5.6979783885e-01    1.0227200000e+05    2.4314632700e-01    9.9697844748e-01
        17   -8.5479993757e+00    7.3215028546e+01   -1.6189537426e+01    7.6415380501e+00   -1.1925021845e+01   -3.6892268292e+00   -5.7528875140e-01    1.0235400000e+05    2.4399515719e-01    9.9706397696e-01
        18   -8.5471112180e+00    7.3198147095e+01   -1.6240476726e+01    7.6933655081e+00   -1.1972167562e+01   -3.6892268292e+00   -5.7908233473e-01    1.0234000000e+05    2.4350421381e-01    9.9702208188e-01
        19   -8.5481521738e+00    7.3215746248e+01   -1.6207151924e+01    7.6589997506e+00   -1.1933003742e+01   -3.6892268292e+00   -5.8492135308e-01    1.0237700000e+05    2.4450009575e-01    9.9711362543e-01
        20   -8.5524322650e+00    7.3290458048e+01   -1.6201875440e+01    7.6494431755e+00   -1.1944022474e+01   -3.6892268292e+00   -5.6862613709e-01    1.0241300000e+05    2.4383634044e-01    9.9705118526e-01
        21   -8.5540861774e+00    7.3318735533e+01   -1.6169669105e+01    7.6155829275e+00   -1.1910237424e+01   -3.6892268292e+00   -5.7020485211e-01    1.0239000000e+05    2.4213967931e-01    9.9708443155e-01
        22   -8.5511241733e+00    7.3264271475e+01   -1.6089521772e+01    7.5383975988e+00   -1.1813448831e+01   -3.6892268292e+00   -5.8684611179e-01    1.0251300000e+05    2.4562543775e-01    9.9709049136e-01
        23   -8.5522918287e+00    7.3283546780e+01   -1.6138011790e+01    7.5857199617e+00   -1.1863779797e+01   -3.6892268292e+00   -5.8500516386e-01    1.0250100000e+05    2.4100650694e-01    9.9708056101e-01
        24   -8.5544501059e+00    7.3320509117e+01   -1.6097656252e+01    7.5432061459e+00   -1.1825178018e+01   -3.6892268292e+00   -5.8325140416e-01    1.0250800000e+05    2.4215145331e-01    9.9697101943e-01
        25   -8.5574118175e+00    7.3373339383e+01   -1.6060053879e+01    7.5026420616e+00   -1.1791346056e+01   -3.6892268292e+00   -5.7948099408e-01    1.0238500000e+05    2.4815409831e-01    9.9706290644e-01
        26   -8.5511492943e+00    7.3267357190e+01   -1.6106077954e+01    7.5549286599e+00   -1.1830965042e+01   -3.6892268292e+00   -5.8588608280e-01    1.0230600000e+05    2.4701700381e-01    9.9734845539e-01
        27   -8.5543835891e+00    7.3320341199e+01   -1.6200741053e+01    7.6463574637e+00   -1.1931418209e+01   -3.6892268292e+00   -5.8009601465e-01    1.0240500000e+05    2.4395334819e-01    9.9700671831e-01
        28   -8.5526102809e+00    7.3290371656e+01   -1.6202163499e+01    7.6495532180e+00   -1.1935722610e+01   -3.6892268292e+00   -5.7721405945e-01    1.0248800000e+05    2.4590887450e-01    9.9708926158e-01
        29   -8.5504027745e+00    7.3253472650e+01   -1.6160605573e+01    7.6102027982e+00   -1.1893337358e+01   -3.6892268292e+00   -5.7804138546e-01    1.0259100000e+05    2.4508219806e-01    9.9698826201e-01
        30   -8.5476906726e+00    7.3204180404e+01   -1.6169130660e+01    7.6214399873e+00   -1.1900101503e+01   -3.6892268292e+00   -5.7980232787e-01    1.0255200000e+05    2.4440625981e-01    9.9718207463e-01
        31   -8.5509708726e+00    7.3261310662e+01   -1.6175787287e+01    7.6248164141e+00   -1.1916408680e+01   -3.6892268292e+00   -5.7015177718e-01    1.0237700000e+05    2.4175916031e-01    9.9713854676e-01
        32   -8.5544848077e+00    7.3322231390e+01   -1.6228152793e+01    7.6736679849e+00   -1.1968878390e+01   -3.6892268292e+00   -5.7004757355e-01    1.0233600000e+05    2.4774282688e-01    9.9707819523e-01
        33   -8.5523524533e+00    7.3287707509e+01   -1.6203094956e+01    7.6507425027e+00   -1.1933494031e+01   -3.6892268292e+00   -5.8037409560e-01    1.0237400000e+05    2.4467400119e-01    9.9701567831e-01
        34   -8.5518403054e+00    7.3277404170e+01   -1.6128790403e+01    7.5769500980e+00   -1.1852443200e+01   -3.6892268292e+00   -5.8712037440e-01    1.0232400000e+05    2.4290534038e-01    9.9725408003e-01
        35   -8.5512619476e+00    7.3269414763e+01   -1.6122974208e+01    7.5717122606e+00   -1.1865708223e+01   -3.6892268292e+00   -5.6803915641e-01    1.0233800000e+05    2.4273567088e-01    9.9720508028e-01
        36   -8.5527566000e+00    7.3293016485e+01   -1.6231418260e+01    7.6786616597e+00   -1.1960508270e+01   -3.6892268292e+00   -5.8168316061e-01    1.0250200000e+05    2.4714393494e-01    9.9703120082e-01
        37   -8.5571595735e+00    7.3371080284e+01   -1.6191610994e+01    7.6344514205e+00   -1.1936096135e+01   -3.6892268292e+00   -5.6628802997e-01    1.0250800000e+05    2.4554367244e-01    9.9706893459e-01
        38   -8.5486510111e+00    7.3222603979e+01   -1.6170197909e+01    7.6215468981e+00   -1.1899665980e+01   -3.6892268292e+00   -5.8130509958e-01    1.0248300000e+05    2.4117166887e-01    9.9699429481e-01
        39   -8.5510786253e+00    7.3264013015e+01   -1.6158044819e+01    7.6069661936e+00   -1.1888029097e+01   -3.6892268292e+00   -5.8078889229e-01    1.0255900000e+05    2.4375728156e-01    9.9707007659e-01
        40   -8.5507766543e+00    7.3261179579e+01   -1.6161132297e+01    7.6103556427e+00   -1.1894659876e+01   -3.6892268292e+00   -5.7724559141e-01    1.0257200000e+05    2.5082335506e-01    9.9709681539e-01
        41   -8.5512010347e+00    7.3266929414e+01   -1.6188161400e+01    7.6369603649e+00   -1.1926460039e+01   -3.6892268292e+00   -5.7247453113e-01    1.0261100000e+05    2.4498625206e-01    9.9708843444e-01
        42   -8.5535521360e+00    7.3306804082e+01   -1.6199195325e+01    7.6456431890e+00   -1.1943077730e+01   -3.6892268292e+00   -5.6689076608e-01    1.0266500000e+05    2.4240503756e-01    9.9714815835e-01
        43   -8.5528357796e+00    7.3293241398e+01   -1.6178384572e+01    7.6255487922e+00   -1.1919927607e+01   -3.6892268292e+00   -5.6923013564e-01    1.0272600000e+05    2.4506491150e-01    9.9717737111e-01
        44   -8.5504044918e+00    7.3253047032e+01   -1.6220281597e+01    7.6698771048e+00   -1.1953100828e+01   -3.6892268292e+00   -5.7795393948e-01    1.0265200000e+05    2.4371095906e-01    9.9720904884e-01
        45   -8.5532927767e+00    7.3302565444e+01   -1.6141967951e+01    7.5886751739e+00   -1.1875827528e+01   -3.6892268292e+00   -5.7691359305e-01    1.0262800000e+05    2.4215291263e-01    9.9712558492e-01
        46   -8.5492230270e+00    7.3231517726e+01   -1.6121472967e+01    7.5722499403e+00   -1.1852261573e+01   -3.6892268292e+00   -5.7998456458e-01    1.0260800000e+05    2.4429258438e-01    9.9714950212e-01
        47   -8.5474059315e+00    7.3201404082e+01   -1.6126356852e+01    7.5789509201e+00   -1.1854517938e+01   -3.6892268292e+00   -5.8261208433e-01    1.0265000000e+05    2.4456393200e-01    9.9706714187e-01
        48   -8.5464892006e+00    7.3185763970e+01   -1.6187743878e+01    7.6412546773e+00   -1.1912332612e+01   -3.6892268292e+00   -5.8618443642e-01    1.0263100000e+05    2.4591255900e-01    9.9705530208e-01
        49   -8.5501012299e+00    7.3247609528e+01   -1.6135514370e+01    7.5854131398e+00   -1.1868922625e+01   -3.6892268292e+00   -5.7736491588e-01    1.0263800000e+05    2.5017951387e-01    9.9717945814e-01
        50   -8.5485508862e+00    7.3220913259e+01   -1.6133193261e+01    7.5846423744e+00   -1.1858583143e+01   -3.6892268292e+00   -5.8538328860e-01    1.0266500000e+05    2.4723143750e-01    9.9710000663e-01
        51   -8.5471783899e+00    7.3194967851e+01   -1.6135632564e+01    7.5884541744e+00   -1.1855428762e+01   -3.6892268292e+00   -5.9097697323e-01    1.0241800000e+05    2.4267816506e-01    9.9707139077e-01
        52   -8.5481955976e+00    7.3213478231e+01   -1.6129927843e+01    7.5817322456e+00   -1.1849512710e+01   -3.6892268292e+00   -5.9118830399e-01    1.0236100000e+05    2.4522516925e-01    9.9712530135e-01
        53   -8.5449592963e+00    7.3157617244e+01   -1.6106667568e+01    7.5617082720e+00   -1.1826219037e+01   -3.6892268292e+00   -5.9122170237e-01    1.0253100000e+05    2.4078243106e-01    9.9710064650e-01
        54   -8.5455076579e+00    7.3170138618e+01   -1.6072309785e+01    7.5268021275e+00   -1.1800977661e+01   -3.6892268292e+00   -5.8210529478e-01    1.0239900000e+05    2.4576774463e-01    9.9709255300e-01
        55   -8.5512066774e+00    7.3268208984e+01   -1.6121600450e+01    7.5703937728e+00   -1.1845306494e+01   -3.6892268292e+00   -5.8706712739e-01    1.0241100000e+05    2.4950803594e-01    9.9711676459e-01
        56   -8.5489732930e+00    7.3227271486e+01   -1.6095967676e+01    7.5469943832e+00   -1.1805545866e+01   -3.6892268292e+00   -6.0119498073e-01    1.0243900000e+05    2.4444546594e-01    9.9706913475e-01
        57   -8.5470567885e+00    7.3193998922e+01   -1.6093855422e+01    7.5467986338e+00   -1.1797136702e+01   -3.6892268292e+00   -6.0749189076e-01    1.0244300000e+05    2.3971434875e-01    9.9715691054e-01
        58   -8.5520411501e+00    7.3277884759e+01   -1.6119037097e+01    7.5669959466e+00   -1.1825633677e+01   -3.6892268292e+00   -6.0417659080e-01    1.0249200000e+05    2.4506772313e-01    9.9718981875e-01
        59   -8.5492267345e+00    7.3233078128e+01   -1.6126378296e+01    7.5771515617e+00   -1.1843165668e+01   -3.6892268292e+00   -5.9398579914e-01    1.0240100000e+05    2.5086501006e-01    9.9708767518e-01
        60   -8.5474930730e+00    7.3201192059e+01   -1.6105717602e+01    7.5582245287e+00   -1.1826499712e+01   -3.6892268292e+00   -5.8999106012e-01    1.0244200000e+05    2.4375638569e-01    9.9698866145e-01
        61   -8.5488835349e+00    7.3225247529e+01   -1.6202969938e+01    7.6540864032e+00   -1.1933763374e+01   -3.6892268292e+00   -5.7997973447e-01    1.0230000000e+05    2.4656017106e-01    9.9718490342e-01
        62   -8.5515368973e+00    7.3269472950e+01   -1.6208711189e+01    7.6571742915e+00   -1.1936878029e+01   -3.6892268292e+00   -5.8260633009e-01    1.0222000000e+05    2.4440455844e-01    9.9716801513e-01
        63   -8.5509171349e+00    7.3261074031e+01   -1.6140876845e+01    7.5899597105e+00   -1.1863071710e+01   -3.6892268292e+00   -5.8857830598e-01    1.0219500000e+05    2.4654670963e-01    9.9715035189e-01
        64   -8.5493909382e+00    7.3235799495e+01   -1.6055932912e+01    7.5065419740e+00   -1.1788942302e+01   -3.6892268292e+00   -5.7776378107e-01    1.0220800000e+05    2.3783423325e-01    9.9714261791e-01
        65   -8.5473334210e+00    7.3197821551e+01   -1.5943254173e+01    7.3959207516e+00   -1.1656093417e+01   -3.6892268292e+00   -5.9793392658e-01    1.0231100000e+05    2.4563898038e-01    9.9722675775e-01
        66   -8.5510463751e+00    7.3261604741e+01   -1.5978905811e+01    7.4278594354e+00   -1.1702125145e+01   -3.6892268292e+00   -5.8755383614e-01    1.0234800000e+05    2.4109326469e-01    9.9707093593e-01
        67   -8.5496795011e+00    7.3236188322e+01   -1.6049482999e+01    7.4998034979e+00   -1.1764834207e+01   -3.6892268292e+00   -5.9542196294e-01    1.0237500000e+05    2.4177812050e-01    9.9705941239e-01
        68   -8.5484441202e+00    7.3216606861e+01   -1.6055061569e+01    7.5066174485e+00   -1.1771414457e+01   -3.6892268292e+00   -5.9442028240e-01    1.0253200000e+05    2.4508087550e-01    9.9701771081e-01
        69   -8.5494684374e+00    7.3238918245e+01   -1.6090215576e+01    7.5407471387e+00   -1.1804281045e+01   -3.6892268292e+00   -5.9670770230e-01    1.0261100000e+05    2.4598635944e-01    9.9702502462e-01
        70   -8.5494192273e+00    7.3237275758e+01   -1.6075857750e+01    7.5264385229e+00   -1.1789082648e+01   -3.6892268292e+00   -5.9754827311e-01    1.0251100000e+05    2.4659043306e-01    9.9695694466e-01
        71   -8.5459945895e+00    7.3177468279e+01   -1.6060820880e+01    7.5148262907e+00   -1.1777229008e+01   -3.6892268292e+00   -5.9436504275e-01    1.0237300000e+05    2.4498424337e-01    9.9705299747e-01
        72   -8.5486372951e+00    7.3224434670e+01   -1.6175499455e+01    7.6268621598e+00   -1.1909183934e+01   -3.6892268292e+00   -5.7708869140e-01    1.0229600000e+05    2.4301481931e-01    9.9702835054e-01
        73   -8.5495576611e+00    7.3238356372e+01   -1.6105718790e+01    7.5561611294e+00   -1.1834814272e+01   -3.6892268292e+00   -5.8167768931e-01    1.0219200000e+05    2.4169157838e-01    9.9724049077e-01
        74   -8.5494307108e+00    7.3235775191e+01   -1.6083365831e+01    7.5339351200e+00   -1.1808741281e+01   -3.6892268292e+00   -5.8539772045e-01    1.0219300000e+05    2.4288631256e-01    9.9740701300e-01
        75   -8.5485839361e+00    7.3219919987e+01   -1.6054631603e+01    7.5060476672e+00   -1.1775157895e+01   -3.6892268292e+00   -5.9024687877e-01    1.0213500000e+05    2.4177241925e-01    9.9717542336e-01
        76   -8.5512522397e+00    7.3272204061e+01   -1.6134427614e+01    7.5831753739e+00   -1.1858778600e+01   -3.6892268292e+00   -5.8642218405e-01    1.0217100000e+05    2.4634993694e-01    9.9714683956e-01
        77   -8.5503110554e+00    7.3251353065e+01   -1.6152104446e+01    7.6017933905e+00   -1.1867917612e+01   -3.6892268292e+00   -5.9496000442e-01    1.0216000000e+05    2.4843053206e-01    9.9699500086e-01
        78   -8.5488251115e+00    7.3226204578e+01   -1.6159795229e+01    7.6109701177e+00   -1.1876418612e+01   -3.6892268292e+00   -5.9414978839e-01    1.0236100000e+05    2.4544464919e-01    9.9706385064e-01
        79   -8.5494876370e+00    7.3236305704e+01   -1.6247018155e+01    7.6975305183e+00   -1.1973796518e+01   -3.6892268292e+00   -5.8399480764e-01    1.0232100000e+05    2.4367694800e-01    9.9708293638e-01
        80   -8.5474105603e+00    7.3200422714e+01   -1.6191878236e+01    7.6444676757e+00   -1.1924134966e+01   -3.6892268292e+00   -5.7851644054e-01    1.0209900000e+05    2.3905120269e-01    9.9706967657e-01
        81   -8.5477094976e+00    7.3203904381e+01   -1.6142258174e+01    7.5945486763e+00   -1.1866956022e+01   -3.6892268292e+00   -5.8607532302e-01    1.0200600000e+05    2.4593631525e-01    9.9716704713e-01
        82   -8.5538510099e+00    7.3309689871e+01   -1.6194293892e+01    7.6404428824e+00   -1.1918909555e+01   -3.6892268292e+00   -5.8615750840e-01    1.0192500000e+05    2.4050727900e-01    9.9726034269e-01
        83   -8.5535922493e+00    7.3306102924e+01   -1.6324188434e+01    7.7705961848e+00   -1.2064294772e+01   -3.6892268292e+00   -5.7066683327e-01    1.0191400000e+05    2.4367213350e-01    9.9701434184e-01
        84   -8.5528311828e+00    7.3295542803e+01   -1.6244093407e+01    7.6912622239e+00   -1.1980106230e+01   -3.6892268292e+00   -5.7476034721e-01    1.0197100000e+05    2.4300805087e-01    9.9714609460e-01
        85   -8.5513387142e+00    7.3270596269e+01   -1.6209425171e+01    7.6580864566e+00   -1.1948915257e+01   -3.6892268292e+00   -5.7128308464e-01    1.0202100000e+05    2.4322475650e-01    9.9704222835e-01
        86   -8.5494397655e+00    7.3236127384e+01   -1.6264876518e+01    7.7154367525e+00   -1.1993672144e+01   -3.6892268292e+00   -5.8197754523e-01    1.0205100000e+05    2.4493685619e-01    9.9708480398e-01
        87   -8.5489234703e+00    7.3226429922e+01   -1.6207331827e+01    7.6584083563e+00   -1.1925923983e+01   -3.6892268292e+00   -5.9218101429e-01    1.0198000000e+05    2.4776133900e-01    9.9716160127e-01
        88   -8.5488266602e+00    7.3224370611e+01   -1.6223057067e+01    7.6742304069e+00   -1.1931989737e+01   -3.6892268292e+00   -6.0184050136e-01    1.0191400000e+05    2.4558649563e-01    9.9710227583e-01
        89   -8.5524660927e+00    7.3288469274e+01   -1.6159219195e+01    7.6067531024e+00   -1.1879668541e+01   -3.6892268292e+00   -5.9032382522e-01    1.0202800000e+05    2.4607461500e-01    9.9727264838e-01
        90   -8.5472818565e+00    7.3200402593e+01   -1.6150706618e+01    7.6034247614e+00   -1.1872690586e+01   -3.6892268292e+00   -5.8878920226e-01    1.0219700000e+05    2.4195526656e-01    9.9715243596e-01
        91   -8.5504160496e+00    7.3254060823e+01   -1.6022141513e+01    7.4717254638e+00   -1.1741551145e+01   -3.6892268292e+00   -5.9136353910e-01    1.0224800000e+05    2.4267197150e-01    9.9711972619e-01
        92   -8.5485073251e+00    7.3217684800e+01   -1.6072707641e+01    7.5242003154e+00   -1.1785798657e+01   -3.6892268292e+00   -5.9768215468e-01    1.0223200000e+05    2.4408657456e-01    9.9700902662e-01
        93   -8.5463950112e+00    7.3183893898e+01   -1.6112894775e+01    7.5664997635e+00   -1.1836752422e+01   -3.6892268292e+00   -5.8691552321e-01    1.0228700000e+05    2.4702503250e-01    9.9701799296e-01
        94   -8.5491850280e+00    7.3232366451e+01   -1.6183007964e+01    7.6338229356e+00   -1.1907681910e+01   -3.6892268292e+00   -5.8609922457e-01    1.0235300000e+05    2.4608170544e-01    9.9714986760e-01
        95   -8.5538707991e+00    7.3315797677e+01   -1.6218361111e+01    7.6644903117e+00   -1.1954362401e+01   -3.6892268292e+00   -5.7477188010e-01    1.0232400000e+05    2.4476354962e-01    9.9705096365e-01
        96   -8.5527461962e+00    7.3293188943e+01   -1.6212298972e+01    7.6595527762e+00   -1.1932099224e+01   -3.6892268292e+00   -5.9097291926e-01    1.0228100000e+05    2.4153368188e-01    9.9706227797e-01
        97   -8.5514037306e+00    7.3266818004e+01   -1.6240437654e+01    7.6890339233e+00   -1.1957374803e+01   -3.6892268292e+00   -5.9383602183e-01    1.0235400000e+05    2.4480569906e-01    9.9715664397e-01
        98   -8.5547703257e+00    7.3326209715e+01   -1.6201536687e+01    7.6467663614e+00   -1.1929073318e+01   -3.6892268292e+00   -5.8323654035e-01    1.0236500000e+05    2.4428426119e-01    9.9695203956e-01
        99   -8.5539662140e+00    7.3314338348e+01   -1.6173434674e+01    7.6194684599e+00   -1.1903299167e+01   -3.6892268292e+00   -5.8090867785e-01    1.0219100000e+05    2.4511925988e-01    9.9728288055e-01
       100   -8.5549073314e+00    7.3329525996e+01   -1.6093457577e+01    7.5385502461e+00   -1.1808021343e+01   -3.6892268292e+00   -5.9620940566e-01    1.0214600000e+05    2.4912418919e-01    9.9703565033e-01
       101   -8.5473890801e+00    7.3199738329e+01   -1.6128363911e+01    7.5809748309e+00   -1.1830424309e+01   -3.6892268292e+00   -6.0871277286e-01    1.0230100000e+05    2.5011180319e-01    9.9712806352e-01
       102   -8.5513292312e+00    7.3269462510e+01   -1.6236565021e+01    7.6852357895e+00   -1.1958915745e+01   -3.6892268292e+00   -5.8842244632e-01    1.0235700000e+05    2.4585552469e-01    9.9715488880e-01
       103   -8.5549579016e+00    7.3332702193e+01   -1.6188828964e+01    7.6338710627e+00   -1.1929177211e+01   -3.6892268292e+00   -5.7042492361e-01    1.0238300000e+05    2.4884575706e-01    9.9705504343e-01
       104   -8.5525166272e+00    7.3289522022e+01   -1.6177811455e+01    7.6252948276e+00   -1.1914981076e+01   -3.6892268292e+00   -5.7360354908e-01    1.0226900000e+05    2.4134828981e-01    9.9713287281e-01
       105   -8.5443450577e+00    7.3147279268e+01   -1.6212993501e+01    7.6686484430e+00   -1.1943121287e+01   -3.6892268292e+00   -5.8064538481e-01    1.0222600000e+05    2.4385116156e-01    9.9702384270e-01
       106   -8.5509600083e+00    7.3263700795e+01   -1.6122815892e+01    7.5718558834e+00   -1.1862441118e+01   -3.6892268292e+00   -5.7114794403e-01    1.0227500000e+05    2.4148890350e-01    9.9721556038e-01
       107   -8.5456304897e+00    7.3170619411e+01   -1.6179023271e+01    7.6333927817e+00   -1.1909680554e+01   -3.6892268292e+00   -5.8011588776e-01    1.0222400000e+05    2.4604016344e-01    9.9712215610e-01
       108   -8.5458529626e+00    7.3176829242e+01   -1.6194076045e+01    7.6482230827e+00   -1.1926442242e+01   -3.6892268292e+00   -5.7840697363e-01    1.0206200000e+05    2.4204908562e-01    9.9717123516e-01
       109   -8.5460649766e+00    7.3177895189e+01   -1.6156517250e+01    7.6104522738e+00   -1.1884637863e+01   -3.6892268292e+00   -5.8265255858e-01    1.0205500000e+05    2.4847350475e-01    9.9724882797e-01
       110   -8.5482517856e+00    7.3217287790e+01   -1.6167999338e+01    7.6197475524e+00   -1.1908490424e+01   -3.6892268292e+00   -5.7028208503e-01    1.0214600000e+05    2.4360467037e-01    9.9703833800e-01
       111   -8.5477882500e+00    7.3207551519e+01   -1.6153710053e+01    7.6059218026e+00   -1.1881687363e+01   -3.6892268292e+00   -5.8279586084e-01    1.0214700000e+05    2.4348256444e-01    9.9705825167e-01
       112   -8.5490753023e+00    7.3232436373e+01   -1.6159169072e+01    7.6100937694e+00   -1.1892121478e+01   -3.6892268292e+00   -5.7782076461e-01    1.0223300000e+05    2.3940370713e-01    9.9712609682e-01
       113   -8.5486701933e+00    7.3222025026e+01   -1.6143246226e+01    7.5945760324e+00   -1.1866247331e+01   -3.6892268292e+00   -5.8777206569e-01    1.0224400000e+05    2.4337799688e-01    9.9697556500e-01
       114   -8.5518836901e+00    7.3278731816e+01   -1.6080553534e+01    7.5286698436e+00   -1.1809712978e+01   -3.6892268292e+00   -5.8161372657e-01    1.0221400000e+05    2.3935946431e-01    9.9720687722e-01
       115   -8.5523193452e+00    7.3307710781e+01   -1.6069224147e+01    7.5169048015e+00   -1.1790988872e+01   -3.6892268292e+00   -5.8900844505e-01    1.0225100000e+05    2.4716754412e-01    9.9719766695e-01
       116   -8.5481420647e+00    7.3212692639e+01   -1.5977755470e+01    7.4296134054e+00   -1.1695110692e+01   -3.6892268292e+00   -5.9341794845e-01    1.0235900000e+05    2.4318701844e-01    9.9708388016e-01
       117   -8.5483005587e+00    7.3216627465e+01   -1.6026876202e+01    7.4785756433e+00   -1.1751151626e+01   -3.6892268292e+00   -5.8649774652e-01    1.0239400000e+05    2.4089332731e-01    9.9722125544e-01
       118   -8.5492568824e+00    7.3235740891e+01   -1.6161423281e+01    7.6121663986e+00   -1.1907405057e+01   -3.6892268292e+00   -5.6479139434e-01    1.0244300000e+05    2.4601143238e-01    9.9711032587e-01
       119   -8.5544599925e+00    7.3326114148e+01   -1.6193648112e+01    7.6391881191e+00   -1.1947623602e+01   -3.6892268292e+00   -5.5679768069e-01    1.0237900000e+05    2.4301258269e-01    9.9712370990e-01
       120   -8.5558082858e+00    7.3346203733e+01   -1.6174731731e+01    7.6189234455e+00   -1.1918933299e+01   -3.6892268292e+00   -5.6657160337e-01    1.0233500000e+05    2.4188543931e-01    9.9705864525e-01
       121   -8.5518449488e+00    7.3277178927e+01   -1.6180483490e+01    7.6286385411e+00   -1.1917541252e+01   -3.6892268292e+00   -5.7371540837e-01    1.0243800000e+05    2.4342262181e-01    9.9707852770e-01
       122   -8.5517464622e+00    7.3278091908e+01   -1.6194742921e+01    7.6429964590e+00   -1.1939459342e+01   -3.6892268292e+00   -5.6605675024e-01    1.0242700000e+05    2.4018543994e-01    9.9705668225e-01
       123   -8.5469612795e+00    7.3193205996e+01   -1.6205556159e+01    7.6585948793e+00   -1.1934622478e+01   -3.6892268292e+00   -5.8170685150e-01    1.0238200000e+05    2.4552651181e-01    9.9704765889e-01
       124   -8.5468696509e+00    7.3192143016e+01   -1.6193341946e+01    7.6464722952e+00   -1.1920469215e+01   -3.6892268292e+00   -5.8364590228e-01    1.0231400000e+05    2.4662462931e-01    9.9705606959e-01
       125   -8.5504443970e+00    7.3253792037e+01   -1.6212301855e+01    7.6618574581e+00   -1.1938545139e+01   -3.6892268292e+00   -5.8452988667e-01    1.0228200000e+05    2.4798603113e-01    9.9717928717e-01
       126   -8.5494947202e+00    7.3239559558e+01   -1.6136404232e+01    7.5869095121e+00   -1.1857716230e+01   -3.6892268292e+00   -5.8946117331e-01    1.0243200000e+05    2.4391742581e-01    9.9703160204e-01
       127   -8.5494771465e+00    7.3238327152e+01   -1.6147070682e+01    7.5975935355e+00   -1.1865459513e+01   -3.6892268292e+00   -5.9238433956e-01    1.0249500000e+05    2.4189351888e-01    9.9710699661e-01
       128   -8.5567747289e+00    7.3365095651e+01   -1.6079372129e+01    7.5225974005e+00   -1.1808668857e+01   -3.6892268292e+00   -5.8147644273e-01    1.0260200000e+05    2.4106921069e-01    9.9710469073e-01
       129   -8.5558227680e+00    7.3347217497e+01   -1.6103929226e+01    7.5481064581e+00   -1.1833008356e+01   -3.6892268292e+00   -5.8169404117e-01    1.0278700000e+05    2.5104029513e-01    9.9700313761e-01
       130   -8.5501958476e+00    7.3249247988e+01   -1.6130011434e+01    7.5798155860e+00   -1.1851730934e+01   -3.6892268292e+00   -5.8905367027e-01    1.0290900000e+05    2.4685399694e-01    9.9704048922e-01
       131   -8.5507142613e+00    7.3257417038e+01   -1.6116653479e+01    7.5659392174e+00   -1.1834087959e+01   -3.6892268292e+00   -5.9333869049e-01    1.0298900000e+05    2.4522837937e-01    9.9705823753e-01
       132   -8.5496832780e+00    7.3239409776e+01   -1.6171031117e+01    7.6213478393e+00   -1.1887533539e+01   -3.6892268292e+00   -5.9427074930e-01    1.0299100000e+05    2.4624149056e-01    9.9689524228e-01
       133   -8.5463797320e+00    7.3180565937e+01   -1.6217961382e+01    7.6715816496e+00   -1.1932752785e+01   -3.6892268292e+00   -5.9598176718e-01    1.0309600000e+05    2.4833430794e-01    9.9706293124e-01
       134   -8.5468930950e+00    7.3191375682e+01   -1.6198549992e+01    7.6516568972e+00   -1.1922057730e+01   -3.6892268292e+00   -5.8726543302e-01    1.0300800000e+05    2.4628720663e-01    9.9710015529e-01
       135   -8.5512360556e+00    7.3267162682e+01   -1.6234661164e+01    7.6834251089e+00   -1.1977100308e+01   -3.6892268292e+00   -5.6833402706e-01    1.0305600000e+05    2.4800145400e-01    9.9707406685e-01
       136   -8.5472949178e+00    7.3198882126e+01   -1.6159627947e+01    7.6123330296e+00   -1.1890181762e+01   -3.6892268292e+00   -5.8021935652e-01    1.0311400000e+05    2.4293264019e-01    9.9711729720e-01
       137   -8.5461512524e+00    7.3178436409e+01   -1.6112659379e+01    7.5665081265e+00   -1.1831729516e+01   -3.6892268292e+00   -5.9170303354e-01    1.0311100000e+05    2.4834976750e-01    9.9711259017e-01
       138   -8.5477412352e+00    7.3206416369e+01   -1.6141030351e+01    7.5932891161e+00   -1.1864136181e+01   -3.6892268292e+00   -5.8766734078e-01    1.0299300000e+05    2.4536525338e-01    9.9716482393e-01
       139   -8.5519778109e+00    7.3279419907e+01   -1.6062023671e+01    7.5100458602e+00   -1.1788732780e+01   -3.6892268292e+00   -5.8406406191e-01    1.0305400000e+05    2.4291600863e-01    9.9702057241e-01
       140   -8.5500687375e+00    7.3246757865e+01   -1.6117059364e+01    7.5669906268e+00   -1.1829040241e+01   -3.6892268292e+00   -5.9879229391e-01    1.0314100000e+05    2.4851263775e-01    9.9709590938e-01
       141   -8.5529080251e+00    7.3299176518e+01   -1.6089887028e+01    7.5369790025e+00   -1.1815945287e+01   -3.6892268292e+00   -5.8471491097e-01    1.0324300000e+05    2.4578266094e-01    9.9719117074e-01
       142   -8.5511257011e+00    7.3267439221e+01   -1.6187024278e+01    7.6358985771e+00   -1.1921838095e+01   -3.6892268292e+00   -5.7595935396e-01    1.0315600000e+05    2.4532695706e-01    9.9703163101e-01
       143   -8.5499364024e+00    7.3244727563e+01   -1.6095207399e+01    7.5452709962e+00   -1.1815102281e+01   -3.6892268292e+00   -5.9087828784e-01    1.0306600000e+05    2.4817568044e-01    9.9707691231e-01
       144   -8.5519161357e+00    7.3278076502e+01   -1.6084039200e+01    7.5321230641e+00   -1.1806016859e+01   -3.6892268292e+00   -5.8879551179e-01    1.0303600000e+05    2.4637116356e-01    9.9725112043e-01
       145   -8.5513934828e+00    7.3267253875e+01   -1.6037731769e+01    7.4863382862e+00   -1.1753493399e+01   -3.6892268292e+00   -5.9501154035e-01    1.0308400000e+05    2.4425830919e-01    9.9708713091e-01
       146   -8.5533682851e+00    7.3302768861e+01   -1.6095112536e+01    7.5417442510e+00   -1.1817536588e+01   -3.6892268292e+00   -5.8834911857e-01    1.0315400000e+05    2.4732388869e-01    9.9724190902e-01
       147   -8.5539379244e+00    7.3313412851e+01   -1.6118379587e+01    7.5644416630e+00   -1.1840522948e+01   -3.6892268292e+00   -5.8862981005e-01    1.0325400000e+05    2.4925349544e-01    9.9705277316e-01
       148   -8.5560186804e+00    7.3347193201e+01   -1.6018388653e+01    7.4623699730e+00   -1.1737124454e+01   -3.6892268292e+00   -5.9203737006e-01    1.0332800000e+05    2.5380258556e-01    9.9700257178e-01
       149   -8.5480196578e+00    7.3210525737e+01   -1.6003911346e+01    7.4558916886e+00   -1.1717872486e+01   -3.6892268292e+00   -5.9681203115e-01    1.0326600000e+05    2.4936884950e-01    9.9709968544e-01
       150   -8.5537506797e+00    7.3307427835e+01   -1.6110954462e+01    7.5572037819e+00   -1.1833204364e+01   -3.6892268292e+00   -5.8852326877e-01    1.0326100000e+05    2.4549513213e-01    9.9714050166e-01
       151   -8.5489297637e+00    7.3226416066e+01   -1.6075891964e+01    7.5269621999e+00   -1.1790041467e+01   -3.6892268292e+00   -5.9662366705e-01    1.0328400000e+05    2.4955149544e-01    9.9702048677e-01
       152   -8.5495721842e+00    7.3236916627e+01   -1.6056931613e+01    7.5073594285e+00   -1.1768329591e+01   -3.6892268292e+00   -5.9937519271e-01    1.0334500000e+05    2.4298381656e-01    9.9700977944e-01
       153   -8.5497567637e+00    7.3241257186e+01   -1.5991398854e+01    7.4416420907e+00   -1.1702370779e+01   -3.6892268292e+00   -5.9980124637e-01    1.0327900000e+05    2.5048338788e-01    9.9712696922e-01
       154   -8.5514733473e+00    7.3269500206e+01   -1.6079603164e+01    7.5281298162e+00   -1.1795022904e+01   -3.6892268292e+00   -5.9535343050e-01    1.0326200000e+05    2.4831076475e-01    9.9712411329e-01
       155   -8.5500400202e+00    7.3248428596e+01   -1.6135680087e+01    7.5856400672e+00   -1.1864592779e+01   -3.6892268292e+00   -5.8186047942e-01    1.0310000000e+05    2.4374391163e-01    9.9718990873e-01
       156   -8.5497170874e+00    7.3241819212e+01   -1.6202648737e+01    7.6529316491e+00   -1.1931259227e+01   -3.6892268292e+00   -5.8216268046e-01    1.0295700000e+05    2.4928274881e-01    9.9698458179e-01
       157   -8.5479133435e+00    7.3208972264e+01   -1.6189830314e+01    7.6419169700e+00   -1.1919248603e+01   -3.6892268292e+00   -5.8135488098e-01    1.0286900000e+05    2.4213371481e-01    9.9709864391e-01
       158   -8.5453293540e+00    7.3164241339e+01   -1.6170112712e+01    7.6247833584e+00   -1.1900954488e+01   -3.6892268292e+00   -5.7993139517e-01    1.0280100000e+05    2.4511098375e-01    9.9705257358e-01
       159   -8.5450938811e+00    7.3159617596e+01   -1.6143852616e+01    7.5987587353e+00   -1.1860014363e+01   -3.6892268292e+00   -5.9461142409e-01    1.0272800000e+05    2.5378334437e-01    9.9716745715e-01
       160   -8.5491192268e+00    7.3228730827e+01   -1.6080149458e+01    7.5310302309e+00   -1.1797700117e+01   -3.6892268292e+00   -5.9322251183e-01    1.0284800000e+05    2.4957922800e-01    9.9719683805e-01
       161   -8.5482879399e+00    7.3213751647e+01   -1.6059286385e+01    7.5109984451e+00   -1.1779865285e+01   -3.6892268292e+00   -5.9019427111e-01    1.0279700000e+05    2.4647211900e-01    9.9708965930e-01
       162   -8.5496033123e+00    7.3238592475e+01   -1.6117013110e+01    7.5674097979e+00   -1.1839944417e+01   -3.6892268292e+00   -5.8784186428e-01    1.0259500000e+05    2.4761957244e-01    9.9713948304e-01
       163   -8.5449696317e+00    7.3157965652e+01   -1.6130741668e+01    7.5857720363e+00   -1.1852309925e+01   -3.6892268292e+00   -5.8920491387e-01    1.0247400000e+05    2.4287929894e-01    9.9712899543e-01
       164   -8.5486434173e+00    7.3223174912e+01   -1.6164337992e+01    7.6156945745e+00   -1.1900901714e+01   -3.6892268292e+00   -5.7420944846e-01    1.0252700000e+05    2.4744357650e-01    9.9702938903e-01
       165   -8.5459009036e+00    7.3175064166e+01   -1.6119651171e+01    7.5737502671e+00   -1.1845825893e+01   -3.6892268292e+00   -5.8459844811e-01    1.0257700000e+05    2.4657653644e-01    9.9702479694e-01
       166   -8.5470196641e+00    7.3195484925e+01   -1.6082211045e+01    7.5351913807e+00   -1.1810151099e+01   -3.6892268292e+00   -5.8283311678e-01    1.0234800000e+05    2.4592483956e-01    9.9711055596e-01
       167   -8.5510662385e+00    7.3263485196e+01   -1.6094865503e+01    7.5437992648e+00   -1.1824552083e+01   -3.6892268292e+00   -5.8108659067e-01    1.0238000000e+05    2.4769291044e-01    9.9715009892e-01
       168   -8.5462714110e+00    7.3180653916e+01   -1.6136106583e+01    7.5898351722e+00   -1.1858391379e+01   -3.6892268292e+00   -5.8848837547e-01    1.0240400000e+05    2.5098698519e-01    9.9714833734e-01
       169   -8.5416145783e+00    7.3099048327e+01   -1.6088091449e+01    7.5464768702e+00   -1.1793597333e+01   -3.6892268292e+00   -6.0526728666e-01    1.0244700000e+05    2.4719730856e-01    9.9712790640e-01
       170   -8.5461626996e+00    7.3182408292e+01   -1.6026046323e+01    7.4798836235e+00   -1.1753619451e+01   -3.6892268292e+00   -5.8320004242e-01    1.0233000000e+05    2.3893978844e-01    9.9712017822e-01
       171   -8.5478383821e+00    7.3212364837e+01   -1.6033039170e+01    7.4852007881e+00   -1.1775184563e+01   -3.6892268292e+00   -5.6862777748e-01    1.0226800000e+05    2.4314266844e-01    9.9702949765e-01
       172   -8.5478704309e+00    7.3211937968e+01   -1.6037863650e+01    7.4899932196e+00   -1.1781015705e+01   -3.6892268292e+00   -5.6762111631e-01    1.0226500000e+05    2.4960291081e-01    9.9696646048e-01
       173   -8.5472603485e+00    7.3199906110e+01   -1.6124316746e+01    7.5770563977e+00   -1.1857098456e+01   -3.6892268292e+00   -5.7799146125e-01    1.0219400000e+05    2.4369474619e-01    9.9710408736e-01
       174   -8.5445893857e+00    7.3151897639e+01   -1.6155339992e+01    7.6107506059e+00   -1.1880584879e+01   -3.6892268292e+00   -5.8552828374e-01    1.0208600000e+05    2.4423187131e-01    9.9732555325e-01
       175   -8.5455897445e+00    7.3170883530e+01   -1.6069338885e+01    7.5237491410e+00   -1.1795611268e+01   -3.6892268292e+00   -5.8450078825e-01    1.0214000000e+05    2.4224074550e-01    9.9723651418e-01
       176   -8.5477530253e+00    7.3208320633e+01   -1.6065566762e+01    7.5178137369e+00   -1.1791602530e+01   -3.6892268292e+00   -5.8473740293e-01    1.0207700000e+05    2.4455974537e-01    9.9709575531e-01
       177   -8.5462774086e+00    7.3183583155e+01   -1.6179003997e+01    7.6327265882e+00   -1.1918905464e+01   -3.6892268292e+00   -5.7087170337e-01    1.0200200000e+05    2.4288412212e-01    9.9702949454e-01
       178   -8.5490890493e+00    7.3231349288e+01   -1.6159680266e+01    7.6105912164e+00   -1.1900437342e+01   -3.6892268292e+00   -5.7001609424e-01    1.0218300000e+05    2.4148527238e-01    9.9703166925e-01
       179   -8.5517224907e+00    7.3279642110e+01   -1.6176524034e+01    7.6248015431e+00   -1.1935676914e+01   -3.6892268292e+00   -5.5162029054e-01    1.0234200000e+05    2.4319082138e-01    9.9715124095e-01
       180   -8.5504208050e+00    7.3254344450e+01   -1.6091573934e+01    7.5411531287e+00   -1.1834756358e+01   -3.6892268292e+00   -5.6759074623e-01    1.0227500000e+05    2.4397233500e-01    9.9719209949e-01
       181   -8.5502701445e+00    7.3253323462e+01   -1.6105115341e+01    7.5548451968e+00   -1.1846091699e+01   -3.6892268292e+00   -5.6979681306e-01    1.0219000000e+05    2.4271322681e-01    9.9715726395e-01
       182   -8.5520268637e+00    7.3283534881e+01   -1.6159414543e+01    7.6073876792e+00   -1.1903418120e+01   -3.6892268292e+00   -5.6676959368e-01    1.0216500000e+05    2.4538906456e-01    9.9694134379e-01
       183   -8.5497553478e+00    7.3244139477e+01   -1.6216141783e+01    7.6663864348e+00   -1.1957436094e+01   -3.6892268292e+00   -5.6947885905e-01    1.0211000000e+05    2.4134062281e-01    9.9702039760e-01
       184   -8.5509567372e+00    7.3263248544e+01   -1.6149973812e+01    7.5990170746e+00   -1.1893142779e+01   -3.6892268292e+00   -5.6760420329e-01    1.0214900000e+05    2.4028483444e-01    9.9714150446e-01
       185   -8.5527041923e+00    7.3291543492e+01   -1.6192564744e+01    7.6398605520e+00   -1.1934823371e+01   -3.6892268292e+00   -5.6851454389e-01    1.0224500000e+05    2.4470776725e-01    9.9703349015e-01
       186   -8.5547817493e+00    7.3329289359e+01   -1.6212917515e+01    7.6581357654e+00   -1.1958871810e+01   -3.6892268292e+00   -5.6481887576e-01    1.0225800000e+05    2.4141410731e-01    9.9702702068e-01
       187   -8.5509976021e+00    7.3263446240e+01   -1.6125698838e+01    7.5747012358e+00   -1.1866685683e+01   -3.6892268292e+00   -5.6978632569e-01    1.0215700000e+05    2.4163826625e-01    9.9703196192e-01
       188   -8.5508015660e+00    7.3258308375e+01   -1.6184589991e+01    7.6337884253e+00   -1.1920264935e+01   -3.6892268292e+00   -5.7509822694e-01    1.0218500000e+05    2.4370082069e-01    9.9701034843e-01
       189   -8.5486678125e+00    7.3223440818e+01   -1.6141422269e+01    7.5927544566e+00   -1.1875242900e+01   -3.6892268292e+00   -5.7695253937e-01    1.0224900000e+05    2.4534933450e-01    9.9712203454e-01
       190   -8.5461834206e+00    7.3180361028e+01   -1.6121631992e+01    7.5754485718e+00   -1.1852120600e+01   -3.6892268292e+00   -5.8028456320e-01    1.0232800000e+05    2.4680553944e-01    9.9694563223e-01
       191   -8.5456526684e+00    7.3172101877e+01   -1.6175467816e+01    7.6298151476e+00   -1.1916907062e+01   -3.6892268292e+00   -5.6933392427e-01    1.0242800000e+05    2.4480496088e-01    9.9697117378e-01
       192   -8.5469787749e+00    7.3193754248e+01   -1.6106698419e+01    7.5597196439e+00   -1.1844665395e+01   -3.6892268292e+00   -5.7280619476e-01    1.0234900000e+05    2.3944680594e-01    9.9708077198e-01
       193   -8.5446444104e+00    7.3154649797e+01   -1.6168431727e+01    7.6237873165e+00   -1.1904255379e+01   -3.6892268292e+00   -5.7494951816e-01    1.0249800000e+05    2.4391009606e-01    9.9697070812e-01
       194   -8.5481621694e+00    7.3214559865e+01   -1.6167983911e+01    7.6198217414e+00   -1.1913159571e+01   -3.6892268292e+00   -5.6559751019e-01    1.0235600000e+05    2.4300474619e-01    9.9700838821e-01
       195   -8.5431134754e+00    7.3126946577e+01   -1.6132380826e+01    7.5892673508e+00   -1.1849788240e+01   -3.6892268292e+00   -5.9336575701e-01    1.0234800000e+05    2.4557291050e-01    9.9707835196e-01
       196   -8.5435295831e+00    7.3133313459e+01   -1.6077474323e+01    7.5339447399e+00   -1.1791806762e+01   -3.6892268292e+00   -5.9644073155e-01    1.0244800000e+05    2.4211673606e-01    9.9714212889e-01
       197   -8.5431088261e+00    7.3126884179e+01   -1.6136905456e+01    7.5937966301e+00   -1.1849963930e+01   -3.6892268292e+00   -5.9771469718e-01    1.0246900000e+05    2.4350604950e-01    9.9717245029e-01
       198   -8.5473943603e+00    7.3203903633e+01   -1.6193075766e+01    7.6456814053e+00   -1.1917788218e+01   -3.6892268292e+00   -5.8606071808e-01    1.0228600000e+05    2.4333428425e-01    9.9694772572e-01
       199   -8.5451456822e+00    7.3165710177e+01   -1.6113112159e+01    7.5679664767e+00   -1.1829202737e+01   -3.6892268292e+00   -5.9468259238e-01    1.0234500000e+05    2.4631782581e-01    9.9709327093e-01
