#   index    LocalEnergy         LocalEnergy_sq      LocalPotential      Kinetic             LocalECP            NonLocalECP         ElecElec            IonIon              BlockWeight         BlockCPU            AcceptRatio         
         0   -1.7253193898e+01    2.9792376628e+02   -3.0881906942e+01    1.3628713044e+01   -5.6889358942e+01    1.9333556206e+00    1.7093333133e+01    6.9807632464e+00    1.0239000000e+05    1.2412613651e+00    9.9726562374e-01
         1   -1.7258322928e+01    2.9814430652e+02   -3.0871379463e+01    1.3613056535e+01   -5.6839061949e+01    1.8931932825e+00    1.7093725957e+01    6.9807632464e+00    1.0241500000e+05    1.2457291893e+00    9.9723651015e-01
         2   -1.7258952049e+01    2.9811728365e+02   -3.0737508945e+01    1.3478556896e+01   -5.6714418273e+01    1.9101904542e+00    1.7085955627e+01    6.9807632464e+00    1.0239700000e+05    1.2362401455e+00    9.9744614608e-01
         3   -1.7254255948e+01    2.9795924521e+02   -3.0769593219e+01    1.3515337271e+01   -5.6740118516e+01    1.9043965609e+00    1.7085365490e+01    6.9807632464e+00    1.0239000000e+05    1.2436986849e+00    9.9745097413e-01
         4   -1.7258109058e+01    2.9808541510e+02   -3.0776904234e+01    1.3518795176e+01   -5.6702829860e+01    1.8719837577e+00    1.7073178622e+01    6.9807632464e+00    1.0241500000e+05    1.2377145547e+00    9.9743308234e-01
         5   -1.7255618869e+01    2.9799374819e+02   -3.0819583080e+01    1.3563964212e+01   -5.6723203178e+01    1.8597306222e+00    1.7063126229e+01    6.9807632464e+00    1.0241800000e+05    1.2383341998e+00    9.9736743093e-01
         6   -1.7259632388e+01    2.9814055373e+02   -3.0857679309e+01    1.3598046920e+01   -5.6839343593e+01    1.9240156264e+00    1.7076885412e+01    6.9807632464e+00    1.0240300000e+05    1.2324190823e+00    9.9741934634e-01
         7   -1.7255142326e+01    2.9798952154e+02   -3.0823736421e+01    1.3568594095e+01   -5.6806914713e+01    1.9373606292e+00    1.7065054417e+01    6.9807632464e+00    1.0243600000e+05    1.2281160844e+00    9.9735460088e-01
         8   -1.7254823558e+01    2.9797157182e+02   -3.0834448959e+01    1.3579625400e+01   -5.6810286545e+01    1.9518636832e+00    1.7043210657e+01    6.9807632464e+00    1.0242000000e+05    1.2336659734e+00    9.9742622564e-01
         9   -1.7257984497e+01    2.9807544639e+02   -3.0821278804e+01    1.3563294307e+01   -5.6784616528e+01    1.9280942927e+00    1.7054480185e+01    6.9807632464e+00    1.0239500000e+05    1.2879544499e+00    9.9723862239e-01
        10   -1.7259694850e+01    2.9817214014e+02   -3.0876317451e+01    1.3616622601e+01   -5.6826898461e+01    1.9245728437e+00    1.7045244920e+01    6.9807632464e+00    1.0249800000e+05    1.2443187057e+00    9.9728218396e-01
        11   -1.7259594350e+01    2.9812518346e+02   -3.0924581410e+01    1.3664987059e+01   -5.6821347542e+01    1.8802894023e+00    1.7035713483e+01    6.9807632464e+00    1.0265700000e+05    1.2454158490e+00    9.9741124859e-01
        12   -1.7261482232e+01    2.9820171299e+02   -3.0777571176e+01    1.3516088945e+01   -5.6715410347e+01    1.9016610945e+00    1.7055414829e+01    6.9807632464e+00    1.0275400000e+05    1.2455928051e+00    9.9734767078e-01
        13   -1.7261171888e+01    2.9817397289e+02   -3.0825854541e+01    1.3564682654e+01   -5.6771872290e+01    1.9117476517e+00    1.7053506850e+01    6.9807632464e+00    1.0274500000e+05    1.2479958832e+00    9.9745503737e-01
        14   -1.7261803626e+01    2.9819754093e+02   -3.0855607967e+01    1.3593804340e+01   -5.6881044973e+01    1.9779992609e+00    1.7066674499e+01    6.9807632464e+00    1.0260500000e+05    1.2496858192e+00    9.9737387325e-01
        15   -1.7261461452e+01    2.9819530490e+02   -3.0927561355e+01    1.3666099902e+01   -5.6931964776e+01    1.9555114147e+00    1.7068128760e+01    6.9807632464e+00    1.0249700000e+05    1.2397529047e+00    9.9740987797e-01
        16   -1.7261188952e+01    2.9817059699e+02   -3.0954345111e+01    1.3693156159e+01   -5.6936400698e+01    1.9265834675e+00    1.7074708873e+01    6.9807632464e+00    1.0253700000e+05    1.2418927999e+00    9.9732400820e-01
        17   -1.7254408996e+01    2.9793523419e+02   -3.0846723211e+01    1.3592314215e+01   -5.6890213388e+01    1.9663747850e+00    1.7096352145e+01    6.9807632464e+00    1.0256500000e+05    1.2445780624e+00    9.9737955438e-01
        18   -1.7254232052e+01    2.9793933502e+02   -3.0902416049e+01    1.3648183997e+01   -5.6917838711e+01    1.9274010567e+00    1.7107258359e+01    6.9807632464e+00    1.0246200000e+05    1.2740027013e+00    9.9730672918e-01
        19   -1.7257830284e+01    2.9807925664e+02   -3.0866593189e+01    1.3608762905e+01   -5.6889178452e+01    1.9370751830e+00    1.7104746834e+01    6.9807632464e+00    1.0248900000e+05    1.2881272707e+00    9.9730803557e-01
        20   -1.7256867820e+01    2.9803651216e+02   -3.0926711326e+01    1.3669843507e+01   -5.6898575601e+01    1.8848237306e+00    1.7106277298e+01    6.9807632464e+00    1.0254100000e+05    1.2513401008e+00    9.9741295367e-01
        21   -1.7255528944e+01    2.9797858166e+02   -3.0932308244e+01    1.3676779300e+01   -5.6964230073e+01    1.9285094215e+00    1.7122649162e+01    6.9807632464e+00    1.0253800000e+05    1.2600316938e+00    9.9728315007e-01
        22   -1.7260632098e+01    2.9817096281e+02   -3.0847488603e+01    1.3586856504e+01   -5.6873895800e+01    1.9197714571e+00    1.7125872494e+01    6.9807632464e+00    1.0239700000e+05    1.2378249086e+00    9.9735839910e-01
        23   -1.7266786942e+01    2.9839477297e+02   -3.0827557840e+01    1.3560770898e+01   -5.6825428805e+01    1.9082782704e+00    1.7108829448e+01    6.9807632464e+00    1.0234500000e+05    1.2506099768e+00    9.9741318374e-01
        24   -1.7259347486e+01    2.9811518781e+02   -3.0825764283e+01    1.3566416797e+01   -5.6823632642e+01    1.9148240819e+00    1.7102281030e+01    6.9807632464e+00    1.0246700000e+05    1.2646784180e+00    9.9745609973e-01
        25   -1.7264605709e+01    2.9829105107e+02   -3.0889661982e+01    1.3625056273e+01   -5.6881398939e+01    1.9040791305e+00    1.7106894580e+01    6.9807632464e+00    1.0253200000e+05    1.2548371547e+00    9.9743979364e-01
        26   -1.7258728184e+01    2.9810026865e+02   -3.0855687277e+01    1.3596959094e+01   -5.6908164666e+01    1.9599417122e+00    1.7111772430e+01    6.9807632464e+00    1.0260600000e+05    1.2476931317e+00    9.9739020032e-01
        27   -1.7257951845e+01    2.9807400470e+02   -3.0932708130e+01    1.3674756285e+01   -5.6945111522e+01    1.9192905230e+00    1.7112349623e+01    6.9807632464e+00    1.0287200000e+05    1.2605435511e+00    9.9741372110e-01
        28   -1.7254457000e+01    2.9796506246e+02   -3.0988087729e+01    1.3733630729e+01   -5.6996351174e+01    1.8980736188e+00    1.7129426580e+01    6.9807632464e+00    1.0297500000e+05    1.2538968606e+00    9.9743756868e-01
        29   -1.7253409565e+01    2.9791528765e+02   -3.0905359053e+01    1.3651949488e+01   -5.6982291100e+01    1.9414306584e+00    1.7154738142e+01    6.9807632464e+00    1.0275600000e+05    1.2891557840e+00    9.9747400197e-01
        30   -1.7259525462e+01    2.9812117780e+02   -3.0909988567e+01    1.3650463106e+01   -5.6937668526e+01    1.8838405120e+00    1.7163076200e+01    6.9807632464e+00    1.0272200000e+05    1.2509829636e+00    9.9737709454e-01
        31   -1.7254337162e+01    2.9795011495e+02   -3.0834570973e+01    1.3580233811e+01   -5.6922692573e+01    1.9688925724e+00    1.7138465781e+01    6.9807632464e+00    1.0283200000e+05    1.2408857254e+00    9.9735242397e-01
        32   -1.7257869943e+01    2.9806567224e+02   -3.0887846714e+01    1.3629976770e+01   -5.6915578171e+01    1.9257468399e+00    1.7121221371e+01    6.9807632464e+00    1.0283200000e+05    1.2524548612e+00    9.9737923734e-01
        33   -1.7260296417e+01    2.9817139676e+02   -3.0900363586e+01    1.3640067169e+01   -5.6921512455e+01    1.9201546157e+00    1.7120231006e+01    6.9807632464e+00    1.0280300000e+05    1.2506268599e+00    9.9730177570e-01
        34   -1.7265660872e+01    2.9834834826e+02   -3.0884303530e+01    1.3618642658e+01   -5.6932977035e+01    1.9376530161e+00    1.7130257242e+01    6.9807632464e+00    1.0293500000e+05    1.2381149416e+00    9.9746032834e-01
        35   -1.7260605625e+01    2.9819942533e+02   -3.0944511857e+01    1.3683906233e+01   -5.7009748054e+01    1.9487970486e+00    1.7135675902e+01    6.9807632464e+00    1.0314300000e+05    1.2550194905e+00    9.9743522532e-01
        36   -1.7261681571e+01    2.9818801708e+02   -3.0944031927e+01    1.3682350356e+01   -5.7011048793e+01    1.9623166080e+00    1.7123937012e+01    6.9807632464e+00    1.0312900000e+05    1.2576660146e+00    9.9740653092e-01
        37   -1.7265111593e+01    2.9831697940e+02   -3.0938230791e+01    1.3673119197e+01   -5.6948229214e+01    1.8989808439e+00    1.7130254333e+01    6.9807632464e+00    1.0304700000e+05    1.2547081403e+00    9.9729612744e-01
        38   -1.7265093915e+01    2.9831451277e+02   -3.1031669165e+01    1.3766575250e+01   -5.7082233343e+01    1.9386868294e+00    1.7131114102e+01    6.9807632464e+00    1.0304000000e+05    1.2488121830e+00    9.9741742418e-01
        39   -1.7263109907e+01    2.9825719171e+02   -3.1025641306e+01    1.3762531399e+01   -5.7068054162e+01    1.9440933896e+00    1.7117556220e+01    6.9807632464e+00    1.0281600000e+05    1.2828780872e+00    9.9724839487e-01
        40   -1.7266429642e+01    2.9835997748e+02   -3.0998609842e+01    1.3732180200e+01   -5.7014332245e+01    1.9190784992e+00    1.7115880658e+01    6.9807632464e+00    1.0272900000e+05    1.2351237571e+00    9.9734723064e-01
        41   -1.7267582076e+01    2.9840236331e+02   -3.1047506033e+01    1.3779923957e+01   -5.7085093362e+01    1.9464236777e+00    1.7110400404e+01    6.9807632464e+00    1.0276200000e+05    1.2581649092e+00    9.9727173831e-01
        42   -1.7260536053e+01    2.9817569415e+02   -3.1042301567e+01    1.3781765514e+01   -5.7127046967e+01    1.9885043338e+00    1.7115477819e+01    6.9807632464e+00    1.0268100000e+05    1.2432028684e+00    9.9733902232e-01
        43   -1.7267503820e+01    2.9841684583e+02   -3.1019172969e+01    1.3751669149e+01   -5.7083574278e+01    1.9598498211e+00    1.7123788242e+01    6.9807632464e+00    1.0255000000e+05    1.2414410742e+00    9.9736632695e-01
        44   -1.7268634391e+01    2.9845291423e+02   -3.1017733518e+01    1.3749099127e+01   -5.7012840297e+01    1.8962964615e+00    1.7118047071e+01    6.9807632464e+00    1.0261400000e+05    1.2536864117e+00    9.9733658720e-01
        45   -1.7264132310e+01    2.9829665897e+02   -3.1011873470e+01    1.3747741160e+01   -5.6981281813e+01    1.8779829321e+00    1.7110662164e+01    6.9807632464e+00    1.0269500000e+05    1.2475434846e+00    9.9738444391e-01
        46   -1.7262676119e+01    2.9823805647e+02   -3.0969039665e+01    1.3706363546e+01   -5.6955668106e+01    1.8977410938e+00    1.7108124101e+01    6.9807632464e+00    1.0260800000e+05    1.2547740446e+00    9.9729093804e-01
        47   -1.7264459669e+01    2.9829098080e+02   -3.0912364684e+01    1.3647905015e+01   -5.6885856441e+01    1.8635282824e+00    1.7129200228e+01    6.9807632464e+00    1.0261000000e+05    1.2460511434e+00    9.9743662134e-01
        48   -1.7262627321e+01    2.9826316009e+02   -3.0903010666e+01    1.3640383345e+01   -5.6861599153e+01    1.8529404490e+00    1.7124884791e+01    6.9807632464e+00    1.0264100000e+05    1.2371135422e+00    9.9733334135e-01
        49   -1.7265957609e+01    2.9834108235e+02   -3.0909411854e+01    1.3643454245e+01   -5.6888734587e+01    1.8975883006e+00    1.7100971186e+01    6.9807632464e+00    1.0237600000e+05    1.2900380911e+00    9.9740342858e-01
        50   -1.7262600603e+01    2.9823956709e+02   -3.0830337272e+01    1.3567736670e+01   -5.6826668726e+01    1.9245685169e+00    1.7090999690e+01    6.9807632464e+00    1.0241600000e+05    1.2449856400e+00    9.9737652822e-01
        51   -1.7259986015e+01    2.9814684545e+02   -3.0860257565e+01    1.3600271550e+01   -5.6824659325e+01    1.8950074142e+00    1.7088631100e+01    6.9807632464e+00    1.0245700000e+05    1.2486995038e+00    9.9737979625e-01
        52   -1.7263530441e+01    2.9828921513e+02   -3.0836592510e+01    1.3573062069e+01   -5.6851537215e+01    1.9362877546e+00    1.7097893704e+01    6.9807632464e+00    1.0244300000e+05    1.2530129841e+00    9.9729082979e-01
        53   -1.7265728492e+01    2.9833982301e+02   -3.0885453661e+01    1.3619725169e+01   -5.6887020809e+01    1.9391185496e+00    1.7081685352e+01    6.9807632464e+00    1.0252900000e+05    1.2398286879e+00    9.9733344487e-01
        54   -1.7260994790e+01    2.9818173120e+02   -3.0878345328e+01    1.3617350538e+01   -5.6893001762e+01    1.9618909455e+00    1.7072002242e+01    6.9807632464e+00    1.0270900000e+05    1.2508880507e+00    9.9731322595e-01
        55   -1.7259835273e+01    2.9812687716e+02   -3.0863262668e+01    1.3603427395e+01   -5.6877759661e+01    1.9612941277e+00    1.7072439619e+01    6.9807632464e+00    1.0291600000e+05    1.2581813491e+00    9.9741607227e-01
        56   -1.7268148429e+01    2.9842847529e+02   -3.0870607000e+01    1.3602458571e+01   -5.6860414938e+01    1.9415702168e+00    1.7067474475e+01    6.9807632464e+00    1.0307300000e+05    1.2487084796e+00    9.9738536138e-01
        57   -1.7265121576e+01    2.9832173196e+02   -3.0889094293e+01    1.3623972717e+01   -5.6883038013e+01    1.9489357882e+00    1.7064244686e+01    6.9807632464e+00    1.0312900000e+05    1.2512781578e+00    9.9735365482e-01
        58   -1.7263577994e+01    2.9826782437e+02   -3.0885724249e+01    1.3622146255e+01   -5.6834666833e+01    1.9244126275e+00    1.7043766709e+01    6.9807632464e+00    1.0320900000e+05    1.2436241977e+00    9.9737795018e-01
        59   -1.7260364868e+01    2.9814283477e+02   -3.0850658421e+01    1.3590293554e+01   -5.6784388244e+01    1.9211169721e+00    1.7031849605e+01    6.9807632464e+00    1.0315700000e+05    1.2977064968e+00    9.9731142846e-01
        60   -1.7261737017e+01    2.9819574837e+02   -3.0887058954e+01    1.3625321936e+01   -5.6804385166e+01    1.8874862969e+00    1.7049076669e+01    6.9807632464e+00    1.0305800000e+05    1.2545307229e+00    9.9733395721e-01
        61   -1.7262594023e+01    2.9823729414e+02   -3.0846573920e+01    1.3583979897e+01   -5.6754039737e+01    1.8684903825e+00    1.7058212188e+01    6.9807632464e+00    1.0298400000e+05    1.2675368839e+00    9.9744159970e-01
        62   -1.7261104242e+01    2.9817358278e+02   -3.0837075525e+01    1.3575971283e+01   -5.6750793297e+01    1.8780335088e+00    1.7054921017e+01    6.9807632464e+00    1.0286000000e+05    1.2541122594e+00    9.9740953553e-01
        63   -1.7264060322e+01    2.9826778949e+02   -3.0875568177e+01    1.3611507855e+01   -5.6814150369e+01    1.9082667386e+00    1.7049552207e+01    6.9807632464e+00    1.0271800000e+05    1.2461953700e+00    9.9739871264e-01
        64   -1.7259277286e+01    2.9811542684e+02   -3.0837843494e+01    1.3578566208e+01   -5.6754513530e+01    1.8721517524e+00    1.7063755037e+01    6.9807632464e+00    1.0247700000e+05    1.2411605298e+00    9.9746433391e-01
        65   -1.7259460816e+01    2.9811735817e+02   -3.0791954070e+01    1.3532493254e+01   -5.6722756394e+01    1.8842954455e+00    1.7065743632e+01    6.9807632464e+00    1.0246100000e+05    1.2489454603e+00    9.9747240182e-01
        66   -1.7260113567e+01    2.9814152365e+02   -3.0820387575e+01    1.3560274009e+01   -5.6789911462e+01    1.9126364841e+00    1.7076124156e+01    6.9807632464e+00    1.0240800000e+05    1.2461980348e+00    9.9741601351e-01
        67   -1.7258726146e+01    2.9810381645e+02   -3.0789932359e+01    1.3531206213e+01   -5.6779289832e+01    1.9156411483e+00    1.7092953079e+01    6.9807632464e+00    1.0228400000e+05    1.2517655146e+00    9.9734840274e-01
        68   -1.7256727218e+01    2.9806707779e+02   -3.0850321883e+01    1.3593594665e+01   -5.6824684230e+01    1.8994687050e+00    1.7094130396e+01    6.9807632464e+00    1.0219200000e+05    1.2306167684e+00    9.9732519028e-01
        69   -1.7258411229e+01    2.9809006851e+02   -3.0862281066e+01    1.3603869837e+01   -5.6854223365e+01    1.9071723903e+00    1.7104006663e+01    6.9807632464e+00    1.0202600000e+05    1.2826307437e+00    9.9738003430e-01
        70   -1.7254741371e+01    2.9795807178e+02   -3.0929189182e+01    1.3674447811e+01   -5.6887160876e+01    1.8670841630e+00    1.7110124285e+01    6.9807632464e+00    1.0187000000e+05    1.2487880425e+00    9.9739150623e-01
        71   -1.7259083882e+01    2.9811307520e+02   -3.0933560620e+01    1.3674476738e+01   -5.6959896422e+01    1.9361647801e+00    1.7109407775e+01    6.9807632464e+00    1.0172600000e+05    1.2349440734e+00    9.9741370436e-01
        72   -1.7260265824e+01    2.9815268794e+02   -3.0912434434e+01    1.3652168610e+01   -5.6879222539e+01    1.8940722724e+00    1.7091952585e+01    6.9807632464e+00    1.0170000000e+05    1.2317710794e+00    9.9739421437e-01
        73   -1.7254485440e+01    2.9794697005e+02   -3.0894174051e+01    1.3639688611e+01   -5.6833679241e+01    1.8637257035e+00    1.7095016241e+01    6.9807632464e+00    1.0171200000e+05    1.2296980469e+00    9.9733959275e-01
        74   -1.7257431007e+01    2.9806703580e+02   -3.0898293725e+01    1.3640862718e+01   -5.6852364738e+01    1.8779067705e+00    1.7095400996e+01    6.9807632464e+00    1.0152500000e+05    1.2311477756e+00    9.9742948324e-01
        75   -1.7255459259e+01    2.9798715274e+02   -3.0806415265e+01    1.3550956007e+01   -5.6782511051e+01    1.8976538356e+00    1.7097678704e+01    6.9807632464e+00    1.0152100000e+05    1.2405687008e+00    9.9732701359e-01
        76   -1.7261292245e+01    2.9817450117e+02   -3.0843552686e+01    1.3582260441e+01   -5.6855298575e+01    1.9224108467e+00    1.7108571797e+01    6.9807632464e+00    1.0161000000e+05    1.2370829009e+00    9.9742716979e-01
        77   -1.7259416276e+01    2.9810922234e+02   -3.0818173402e+01    1.3558757126e+01   -5.6845925394e+01    1.9321182730e+00    1.7114870473e+01    6.9807632464e+00    1.0174900000e+05    1.2400535244e+00    9.9741857197e-01
        78   -1.7258763151e+01    2.9809546657e+02   -3.0953696736e+01    1.3694933584e+01   -5.6968732942e+01    1.8979220295e+00    1.7136350931e+01    6.9807632464e+00    1.0179300000e+05    1.2277728702e+00    9.9735501539e-01
        79   -1.7255248653e+01    2.9798033215e+02   -3.0986163367e+01    1.3730914713e+01   -5.6973413906e+01    1.8866613687e+00    1.7119825924e+01    6.9807632464e+00    1.0167300000e+05    1.2718201144e+00    9.9747279210e-01
        80   -1.7256492246e+01    2.9802375934e+02   -3.0987533365e+01    1.3731041119e+01   -5.6984734720e+01    1.9217008033e+00    1.7094737305e+01    6.9807632464e+00    1.0158100000e+05    1.2349070153e+00    9.9731362297e-01
        81   -1.7258650333e+01    2.9809989790e+02   -3.0994022803e+01    1.3735372470e+01   -5.6949929903e+01    1.8826869729e+00    1.7092456881e+01    6.9807632464e+00    1.0166400000e+05    1.2382273505e+00    9.9739341999e-01
        82   -1.7259569018e+01    2.9814045343e+02   -3.0928588987e+01    1.3669019969e+01   -5.6940661406e+01    1.9496360107e+00    1.7081673162e+01    6.9807632464e+00    1.0151900000e+05    1.2257699278e+00    9.9734576310e-01
        83   -1.7261725351e+01    2.9820041830e+02   -3.0882347684e+01    1.3620622333e+01   -5.6827494669e+01    1.8860568364e+00    1.7078326902e+01    6.9807632464e+00    1.0160200000e+05    1.2354324854e+00    9.9734430204e-01
        84   -1.7264831318e+01    2.9833145500e+02   -3.0921791781e+01    1.3656960462e+01   -5.6926391309e+01    1.9353678445e+00    1.7088468438e+01    6.9807632464e+00    1.0192800000e+05    1.2574402983e+00    9.9735158821e-01
        85   -1.7264126839e+01    2.9829774714e+02   -3.0925730517e+01    1.3661603678e+01   -5.6887802698e+01    1.9007452900e+00    1.7080563644e+01    6.9807632464e+00    1.0194500000e+05    1.2401738938e+00    9.9743886506e-01
        86   -1.7260254313e+01    2.9816651574e+02   -3.0918383224e+01    1.3658128911e+01   -5.6902094537e+01    1.9309124058e+00    1.7072035661e+01    6.9807632464e+00    1.0198600000e+05    1.2456005913e+00    9.9733653148e-01
        87   -1.7263839207e+01    2.9830848121e+02   -3.0959253130e+01    1.3695413923e+01   -5.6896907442e+01    1.8930294815e+00    1.7063861583e+01    6.9807632464e+00    1.0196200000e+05    1.2354818228e+00    9.9736428413e-01
        88   -1.7259758026e+01    2.9812904417e+02   -3.0887006059e+01    1.3627248033e+01   -5.6822250331e+01    1.9052328346e+00    1.7049248190e+01    6.9807632464e+00    1.0204400000e+05    1.2384040966e+00    9.9749343932e-01
        89   -1.7258804351e+01    2.9810071014e+02   -3.0883973492e+01    1.3625169141e+01   -5.6820893793e+01    1.9075395018e+00    1.7048617553e+01    6.9807632464e+00    1.0209900000e+05    1.2714365280e+00    9.9736646418e-01
        90   -1.7253222880e+01    2.9790007316e+02   -3.0864811719e+01    1.3611588840e+01   -5.6838793348e+01    1.9192575561e+00    1.7073960826e+01    6.9807632464e+00    1.0207600000e+05    1.2282353389e+00    9.9738918015e-01
        91   -1.7257840038e+01    2.9806646158e+02   -3.0858007170e+01    1.3600167132e+01   -5.6795820279e+01    1.8990539362e+00    1.7057995926e+01    6.9807632464e+00    1.0201000000e+05    1.2376091001e+00    9.9737435680e-01
        92   -1.7259812093e+01    2.9814845298e+02   -3.0850469016e+01    1.3590656922e+01   -5.6810137798e+01    1.9120056825e+00    1.7066899853e+01    6.9807632464e+00    1.0190400000e+05    1.2424973286e+00    9.9729549683e-01
        93   -1.7257209354e+01    2.9806184024e+02   -3.0866391562e+01    1.3609182208e+01   -5.6782224661e+01    1.8713132020e+00    1.7063756651e+01    6.9807632464e+00    1.0190400000e+05    1.2348557691e+00    9.9736150732e-01
        94   -1.7257570952e+01    2.9805036282e+02   -3.0884877958e+01    1.3627307006e+01   -5.6841735372e+01    1.9145785702e+00    1.7061515597e+01    6.9807632464e+00    1.0189800000e+05    1.2451219011e+00    9.9742648692e-01
        95   -1.7255005305e+01    2.9796565603e+02   -3.0797865352e+01    1.3542860046e+01   -5.6748815191e+01    1.9107618806e+00    1.7059424712e+01    6.9807632464e+00    1.0185500000e+05    1.2333193349e+00    9.9739585655e-01
        96   -1.7256161536e+01    2.9803915033e+02   -3.0809350105e+01    1.3553188569e+01   -5.6740498082e+01    1.9101224540e+00    1.7040262277e+01    6.9807632464e+00    1.0176000000e+05    1.2444259960e+00    9.9742401523e-01
        97   -1.7258400631e+01    2.9808760348e+02   -3.0799213521e+01    1.3540812890e+01   -5.6748492884e+01    1.9233589373e+00    1.7045157179e+01    6.9807632464e+00    1.0181000000e+05    1.2463517429e+00    9.9740356052e-01
        98   -1.7260552514e+01    2.9817546585e+02   -3.0851612310e+01    1.3591059796e+01   -5.6747956718e+01    1.8792132588e+00    1.7036367902e+01    6.9807632464e+00    1.0166800000e+05    1.2268933747e+00    9.9737896423e-01
        99   -1.7261684540e+01    2.9820809326e+02   -3.0798379758e+01    1.3536695218e+01   -5.6751383174e+01    1.9358033339e+00    1.7036436836e+01    6.9807632464e+00    1.0159700000e+05    1.2714004812e+00    9.9734497199e-01
       100   -1.7261002023e+01    2.9819350023e+02   -3.0858305093e+01    1.3597303071e+01   -5.6864147182e+01    1.9720004150e+00    1.7053078427e+01    6.9807632464e+00    1.0172900000e+05    1.2509010600e+00    9.9741300866e-01
       101   -1.7259260039e+01    2.9813621418e+02   -3.0875225982e+01    1.3615965943e+01   -5.6856546571e+01    1.9474140438e+00    1.7053143299e+01    6.9807632464e+00    1.0184500000e+05    1.2313951844e+00    9.9735742529e-01
       102   -1.7259279607e+01    2.9812246857e+02   -3.0912269917e+01    1.3652990311e+01   -5.6875872675e+01    1.9162301184e+00    1.7066609393e+01    6.9807632464e+00    1.0186900000e+05    1.2361840187e+00    9.9741801333e-01
       103   -1.7262358795e+01    2.9830275927e+02   -3.0852569966e+01    1.3590211171e+01   -5.6849306256e+01    1.9352464362e+00    1.7080726607e+01    6.9807632464e+00    1.0180900000e+05    1.2437851166e+00    9.9738161345e-01
       104   -1.7261019641e+01    2.9818383372e+02   -3.0826036059e+01    1.3565016418e+01   -5.6772468331e+01    1.9043461455e+00    1.7061322880e+01    6.9807632464e+00    1.0176900000e+05    1.2386167894e+00    9.9732340081e-01
       105   -1.7265125869e+01    2.9831214137e+02   -3.0806657215e+01    1.3541531346e+01   -5.6764152166e+01    1.9263586595e+00    1.7050373045e+01    6.9807632464e+00    1.0173000000e+05    1.2339901870e+00    9.9741874991e-01
       106   -1.7262718405e+01    2.9822060635e+02   -3.0835905749e+01    1.3573187343e+01   -5.6772920113e+01    1.9033026050e+00    1.7052948513e+01    6.9807632464e+00    1.0176200000e+05    1.2407461744e+00    9.9738564769e-01
       107   -1.7260567260e+01    2.9815876293e+02   -3.0853915957e+01    1.3593348697e+01   -5.6826430015e+01    1.9521664893e+00    1.7039584322e+01    6.9807632464e+00    1.0194500000e+05    1.2391275898e+00    9.9732922661e-01
       108   -1.7263421387e+01    2.9827460465e+02   -3.0869562930e+01    1.3606141543e+01   -5.6853552002e+01    1.9689889408e+00    1.7034236885e+01    6.9807632464e+00    1.0183200000e+05    1.2327465414e+00    9.9734748742e-01
       109   -1.7263135061e+01    2.9824523592e+02   -3.0930739418e+01    1.3667604357e+01   -5.6842642083e+01    1.9078269269e+00    1.7023312492e+01    6.9807632464e+00    1.0180700000e+05    1.2902474961e+00    9.9724763403e-01
       110   -1.7259956293e+01    2.9814230985e+02   -3.0912753434e+01    1.3652797141e+01   -5.6845031462e+01    1.9196323589e+00    1.7031882422e+01    6.9807632464e+00    1.0178800000e+05    1.2296225854e+00    9.9730045503e-01
       111   -1.7264838796e+01    2.9833103562e+02   -3.0956547478e+01    1.3691708682e+01   -5.6899707999e+01    1.9170050272e+00    1.7045392248e+01    6.9807632464e+00    1.0183700000e+05    1.2392505849e+00    9.9731561722e-01
       112   -1.7265171001e+01    2.9836113323e+02   -3.0956198294e+01    1.3691027293e+01   -5.6922386055e+01    1.9379044003e+00    1.7047520114e+01    6.9807632464e+00    1.0201200000e+05    1.2413799722e+00    9.9736593048e-01
       113   -1.7264075151e+01    2.9828595032e+02   -3.0924193288e+01    1.3660118137e+01   -5.6845898917e+01    1.8712597410e+00    1.7069682642e+01    6.9807632464e+00    1.0211900000e+05    1.2341160337e+00    9.9748841249e-01
       114   -1.7259554526e+01    2.9812630148e+02   -3.0896124436e+01    1.3636569910e+01   -5.6807280106e+01    1.8735492318e+00    1.7056843192e+01    6.9807632464e+00    1.0216300000e+05    1.2438690207e+00    9.9732280069e-01
       115   -1.7264364184e+01    2.9828707340e+02   -3.0822818429e+01    1.3558454245e+01   -5.6728510300e+01    1.8802782226e+00    1.7044650402e+01    6.9807632464e+00    1.0215300000e+05    1.2483276059e+00    9.9752304836e-01
       116   -1.7261716369e+01    2.9821003200e+02   -3.0782939311e+01    1.3521222942e+01   -5.6667537848e+01    1.8734585065e+00    1.7030376784e+01    6.9807632464e+00    1.0219800000e+05    1.2340360646e+00    9.9744635014e-01
       117   -1.7261545995e+01    2.9821170256e+02   -3.0856802257e+01    1.3595256262e+01   -5.6730085901e+01    1.8616151946e+00    1.7030905203e+01    6.9807632464e+00    1.0228400000e+05    1.2383555272e+00    9.9742322186e-01
       118   -1.7264281960e+01    2.9829228620e+02   -3.0840823145e+01    1.3576541185e+01   -5.6746883956e+01    1.9021710691e+00    1.7023126496e+01    6.9807632464e+00    1.0240300000e+05    1.2321358351e+00    9.9736806888e-01
       119   -1.7263745172e+01    2.9828255291e+02   -3.0839505728e+01    1.3575760556e+01   -5.6779160524e+01    1.9334172627e+00    1.7025474286e+01    6.9807632464e+00    1.0255700000e+05    1.2889619080e+00    9.9741088149e-01
       120   -1.7262038328e+01    2.9821280903e+02   -3.0831722267e+01    1.3569683938e+01   -5.6771630523e+01    1.9260657830e+00    1.7033079227e+01    6.9807632464e+00    1.0256400000e+05    1.2481826618e+00    9.9744553076e-01
       121   -1.7261393654e+01    2.9821278511e+02   -3.0920388917e+01    1.3658995263e+01   -5.6843235130e+01    1.8875369056e+00    1.7054546061e+01    6.9807632464e+00    1.0264700000e+05    1.2499162758e+00    9.9745726507e-01
       122   -1.7265225855e+01    2.9832184008e+02   -3.0934708360e+01    1.3669482504e+01   -5.6811161592e+01    1.8157651454e+00    1.7079924841e+01    6.9807632464e+00    1.0248700000e+05    1.2479358388e+00    9.9739660077e-01
       123   -1.7267340618e+01    2.9838965565e+02   -3.0852406475e+01    1.3585065856e+01   -5.6703437594e+01    1.8170890817e+00    1.7053178791e+01    6.9807632464e+00    1.0234400000e+05    1.2380512793e+00    9.9750354994e-01
       124   -1.7257003294e+01    2.9804445976e+02   -3.0864934963e+01    1.3607931669e+01   -5.6737636326e+01    1.8605435285e+00    1.7031394588e+01    6.9807632464e+00    1.0240300000e+05    1.2479346035e+00    9.9733652764e-01
       125   -1.7257572894e+01    2.9808629696e+02   -3.0857925302e+01    1.3600352407e+01   -5.6733929671e+01    1.8507629682e+00    1.7044478154e+01    6.9807632464e+00    1.0233300000e+05    1.2338666347e+00    9.9725312319e-01
       126   -1.7260569232e+01    2.9817038627e+02   -3.0781602791e+01    1.3521033559e+01   -5.6651848332e+01    1.8532974578e+00    1.7036184836e+01    6.9807632464e+00    1.0229300000e+05    1.2381527723e+00    9.9743494729e-01
       127   -1.7265370505e+01    2.9831843575e+02   -3.0770172690e+01    1.3504802186e+01   -5.6622238283e+01    1.8454081103e+00    1.7025894235e+01    6.9807632464e+00    1.0234800000e+05    1.2377701812e+00    9.9735926986e-01
       128   -1.7261679680e+01    2.9819415682e+02   -3.0834331029e+01    1.3572651349e+01   -5.6656251301e+01    1.8221189348e+00    1.7019038092e+01    6.9807632464e+00    1.0250200000e+05    1.2492114933e+00    9.9725342416e-01
       129   -1.7260797990e+01    2.9816778683e+02   -3.0749201573e+01    1.3488403584e+01   -5.6661839391e+01    1.8995822862e+00    1.7032292285e+01    6.9807632464e+00    1.0240100000e+05    1.2892197674e+00    9.9742949527e-01
       130   -1.7265955678e+01    2.9836038877e+02   -3.0821474099e+01    1.3555518421e+01   -5.6715317212e+01    1.8811531750e+00    1.7031926692e+01    6.9807632464e+00    1.0252600000e+05    1.2432856426e+00    9.9746975415e-01
       131   -1.7267145077e+01    2.9838784058e+02   -3.0809846702e+01    1.3542701624e+01   -5.6734614501e+01    1.9093598290e+00    1.7034644724e+01    6.9807632464e+00    1.0267800000e+05    1.2477986956e+00    9.9739426838e-01
       132   -1.7264702941e+01    2.9833963146e+02   -3.0839421834e+01    1.3574718893e+01   -5.6750998024e+01    1.8992558406e+00    1.7031557104e+01    6.9807632464e+00    1.0280900000e+05    1.2433806966e+00    9.9744539070e-01
       133   -1.7264378339e+01    2.9831412026e+02   -3.0863467733e+01    1.3599089394e+01   -5.6792458415e+01    1.8986886219e+00    1.7049538813e+01    6.9807632464e+00    1.0287700000e+05    1.2575648041e+00    9.9749089069e-01
       134   -1.7263561292e+01    2.9826796564e+02   -3.0898536934e+01    1.3634975642e+01   -5.6863441281e+01    1.9290645234e+00    1.7055076578e+01    6.9807632464e+00    1.0286100000e+05    1.2520646091e+00    9.9744066349e-01
       135   -1.7257769629e+01    2.9805922122e+02   -3.0939099732e+01    1.3681330103e+01   -5.6901066536e+01    1.9272031579e+00    1.7054000400e+01    6.9807632464e+00    1.0282400000e+05    1.2493950797e+00    9.9724921020e-01
       136   -1.7258710481e+01    2.9813350437e+02   -3.0949251548e+01    1.3690541066e+01   -5.6899542005e+01    1.9182704947e+00    1.7051256716e+01    6.9807632464e+00    1.0252300000e+05    1.2463738751e+00    9.9740988386e-01
       137   -1.7260424106e+01    2.9816602293e+02   -3.0904960807e+01    1.3644536702e+01   -5.6828119337e+01    1.8856630488e+00    1.7056732235e+01    6.9807632464e+00    1.0253100000e+05    1.2455747561e+00    9.9743347338e-01
       138   -1.7263948210e+01    2.9827556088e+02   -3.0867309926e+01    1.3603361716e+01   -5.6773089239e+01    1.8698197704e+00    1.7055196296e+01    6.9807632464e+00    1.0262000000e+05    1.2399908031e+00    9.9749267716e-01
       139   -1.7262214291e+01    2.9820990242e+02   -3.0845734317e+01    1.3583520026e+01   -5.6800878703e+01    1.9177537431e+00    1.7056627397e+01    6.9807632464e+00    1.0272800000e+05    1.2905877048e+00    9.9740471772e-01
       140   -1.7257384734e+01    2.9804387374e+02   -3.0845636609e+01    1.3588251875e+01   -5.6730457572e+01    1.8696547805e+00    1.7034402936e+01    6.9807632464e+00    1.0255800000e+05    1.2465456609e+00    9.9752874856e-01
       141   -1.7258747085e+01    2.9810154334e+02   -3.0821025158e+01    1.3562278074e+01   -5.6711599897e+01    1.8753307654e+00    1.7034480727e+01    6.9807632464e+00    1.0238600000e+05    1.2461678350e+00    9.9732310756e-01
       142   -1.7261384378e+01    2.9818299870e+02   -3.0782505481e+01    1.3521121103e+01   -5.6729586384e+01    1.9261854170e+00    1.7040132240e+01    6.9807632464e+00    1.0233100000e+05    1.2445514471e+00    9.9740168372e-01
       143   -1.7261529128e+01    2.9820119085e+02   -3.0759705476e+01    1.3498176348e+01   -5.6704137582e+01    1.9108258699e+00    1.7052842989e+01    6.9807632464e+00    1.0214800000e+05    1.2383704654e+00    9.9737573447e-01
       144   -1.7248213689e+01    2.9772685809e+02   -3.0739218439e+01    1.3491004750e+01   -5.6725230575e+01    1.9475109177e+00    1.7057737972e+01    6.9807632464e+00    1.0212900000e+05    1.2406513226e+00    9.9738565624e-01
       145   -1.7254236056e+01    2.9794799638e+02   -3.0685638971e+01    1.3431402914e+01   -5.6653305808e+01    1.9312353708e+00    1.7055668221e+01    6.9807632464e+00    1.0207700000e+05    1.2355161649e+00    9.9731316591e-01
       146   -1.7256682028e+01    2.9806732289e+02   -3.0776170657e+01    1.3519488629e+01   -5.6802498931e+01    1.9687842255e+00    1.7076780803e+01    6.9807632464e+00    1.0204900000e+05    1.2436503579e+00    9.9731304629e-01
       147   -1.7255495461e+01    2.9798630670e+02   -3.0914400093e+01    1.3658904632e+01   -5.6950873622e+01    1.9570965785e+00    1.7098613704e+01    6.9807632464e+00    1.0198200000e+05    1.2274480728e+00    9.9734895031e-01
       148   -1.7259265255e+01    2.9813596019e+02   -3.0903685402e+01    1.3644420147e+01   -5.6910255498e+01    1.9230453903e+00    1.7102761459e+01    6.9807632464e+00    1.0198200000e+05    1.2381725179e+00    9.9733889002e-01
       149   -1.7261682038e+01    2.9821370017e+02   -3.0890086100e+01    1.3628404062e+01   -5.6913880368e+01    1.9435293430e+00    1.7099501679e+01    6.9807632464e+00    1.0186000000e+05    1.2816673114e+00    9.9736075486e-01
       150   -1.7258396553e+01    2.9808437630e+02   -3.0892403495e+01    1.3634006943e+01   -5.6920927867e+01    1.9470545013e+00    1.7100706624e+01    6.9807632464e+00    1.0176000000e+05    1.2225231838e+00    9.9722865560e-01
       151   -1.7256782670e+01    2.9802691617e+02   -3.0887733536e+01    1.3630950865e+01   -5.6911264807e+01    1.9498588301e+00    1.7092909195e+01    6.9807632464e+00    1.0178800000e+05    1.2275564334e+00    9.9737086628e-01
       152   -1.7254313494e+01    2.9794967644e+02   -3.0808098598e+01    1.3553785105e+01   -5.6790163116e+01    1.9375922364e+00    1.7063709035e+01    6.9807632464e+00    1.0182400000e+05    1.2319293578e+00    9.9737406946e-01
       153   -1.7255510389e+01    2.9798126207e+02   -3.0823216016e+01    1.3567705627e+01   -5.6776916077e+01    1.9285434327e+00    1.7044393382e+01    6.9807632464e+00    1.0172400000e+05    1.2467511962e+00    9.9745052697e-01
       154   -1.7257175880e+01    2.9806275507e+02   -3.0829467328e+01    1.3572291448e+01   -5.6841957240e+01    1.9686795397e+00    1.7063047125e+01    6.9807632464e+00    1.0169900000e+05    1.2427978126e+00    9.9748513166e-01
       155   -1.7257456459e+01    2.9804180765e+02   -3.0887078791e+01    1.3629622332e+01   -5.6785078958e+01    1.8573455175e+00    1.7059891403e+01    6.9807632464e+00    1.0172000000e+05    1.2427968506e+00    9.9742174951e-01
       156   -1.7258895840e+01    2.9810761313e+02   -3.0852408075e+01    1.3593512235e+01   -5.6741580612e+01    1.8672813726e+00    1.7041127918e+01    6.9807632464e+00    1.0172100000e+05    1.2399349337e+00    9.9740388654e-01
       157   -1.7255736296e+01    2.9799177112e+02   -3.0867156843e+01    1.3611420546e+01   -5.6771060660e+01    1.8841943179e+00    1.7038946253e+01    6.9807632464e+00    1.0165900000e+05    1.2479923631e+00    9.9738036649e-01
       158   -1.7258622179e+01    2.9808703981e+02   -3.0852840779e+01    1.3594218599e+01   -5.6784481914e+01    1.9092579159e+00    1.7041619973e+01    6.9807632464e+00    1.0180400000e+05    1.2379831298e+00    9.9737960788e-01
       159   -1.7263194999e+01    2.9824804075e+02   -3.0822537095e+01    1.3559342096e+01   -5.6736595578e+01    1.9011582323e+00    1.7032137004e+01    6.9807632464e+00    1.0176600000e+05    1.2843103638e+00    9.9740006040e-01
       160   -1.7257018994e+01    2.9804855144e+02   -3.0829607983e+01    1.3572588988e+01   -5.6747694899e+01    1.9056023664e+00    1.7031721303e+01    6.9807632464e+00    1.0168600000e+05    1.2304490379e+00    9.9738039037e-01
       161   -1.7258530996e+01    2.9808884061e+02   -3.0806185316e+01    1.3547654320e+01   -5.6742695777e+01    1.9276094433e+00    1.7028137771e+01    6.9807632464e+00    1.0152100000e+05    1.2361583511e+00    9.9724251623e-01
       162   -1.7258168700e+01    2.9809271476e+02   -3.0866379909e+01    1.3608211209e+01   -5.6799270002e+01    1.8871303879e+00    1.7064996459e+01    6.9807632464e+00    1.0151900000e+05    1.2244949697e+00    9.9734899907e-01
       163   -1.7258747485e+01    2.9809674009e+02   -3.0881282138e+01    1.3622534653e+01   -5.6758774400e+01    1.8315552507e+00    1.7065173765e+01    6.9807632464e+00    1.0162600000e+05    1.2269829057e+00    9.9737091896e-01
       164   -1.7260206832e+01    2.9816463053e+02   -3.0928263284e+01    1.3668056451e+01   -5.6860367132e+01    1.8783573856e+00    1.7072983216e+01    6.9807632464e+00    1.0181000000e+05    1.2385452189e+00    9.9737979859e-01
       165   -1.7260788238e+01    2.9817717895e+02   -3.0837696407e+01    1.3576908169e+01   -5.6784386353e+01    1.9067934678e+00    1.7059133232e+01    6.9807632464e+00    1.0173100000e+05    1.2322767165e+00    9.9745650518e-01
       166   -1.7259632100e+01    2.9812857237e+02   -3.0876086515e+01    1.3616454415e+01   -5.6725828837e+01    1.8275887951e+00    1.7041390281e+01    6.9807632464e+00    1.0184900000e+05    1.2272368552e+00    9.9731078007e-01
       167   -1.7257577164e+01    2.9805177999e+02   -3.0887246653e+01    1.3629669489e+01   -5.6782853044e+01    1.8443688937e+00    1.7070474251e+01    6.9807632464e+00    1.0189000000e+05    1.2439188281e+00    9.9738061906e-01
       168   -1.7255338253e+01    2.9796675540e+02   -3.0833866270e+01    1.3578528017e+01   -5.6717616630e+01    1.8523551885e+00    1.7050631925e+01    6.9807632464e+00    1.0192600000e+05    1.2380718733e+00    9.9736092175e-01
       169   -1.7255026496e+01    2.9795926324e+02   -3.0765133214e+01    1.3510106718e+01   -5.6712042319e+01    1.9200594358e+00    1.7046086423e+01    6.9807632464e+00    1.0185700000e+05    1.2749988911e+00    9.9746213348e-01
       170   -1.7261614915e+01    2.9821136027e+02   -3.0787275004e+01    1.3525660089e+01   -5.6754636275e+01    1.9394165744e+00    1.7047181450e+01    6.9807632464e+00    1.0188300000e+05    1.2380758488e+00    9.9751664682e-01
       171   -1.7258616181e+01    2.9808268501e+02   -3.0751120689e+01    1.3492504508e+01   -5.6700029563e+01    1.9257845575e+00    1.7042361070e+01    6.9807632464e+00    1.0191200000e+05    1.2322154036e+00    9.9738496497e-01
       172   -1.7261120034e+01    2.9816535322e+02   -3.0825979941e+01    1.3564859907e+01   -5.6750731145e+01    1.8922273001e+00    1.7051760658e+01    6.9807632464e+00    1.0199300000e+05    1.2374445328e+00    9.9742718571e-01
       173   -1.7256100776e+01    2.9800645222e+02   -3.0885557900e+01    1.3629457124e+01   -5.6819327524e+01    1.9089750196e+00    1.7044031358e+01    6.9807632464e+00    1.0200000000e+05    1.2389121173e+00    9.9737255501e-01
       174   -1.7258441571e+01    2.9809784172e+02   -3.0865181507e+01    1.3606739937e+01   -5.6855408872e+01    1.9695646264e+00    1.7039899492e+01    6.9807632464e+00    1.0201300000e+05    1.2361118673e+00    9.9740642315e-01
       175   -1.7258625241e+01    2.9809900299e+02   -3.0838455889e+01    1.3579830647e+01   -5.6786508012e+01    1.9294190154e+00    1.7037869861e+01    6.9807632464e+00    1.0191400000e+05    1.2450511649e+00    9.9739355028e-01
       176   -1.7258720657e+01    2.9812480543e+02   -3.0760443882e+01    1.3501723226e+01   -5.6647822895e+01    1.8931129396e+00    1.7013502826e+01    6.9807632464e+00    1.0179800000e+05    1.2358549691e+00    9.9727545726e-01
       177   -1.7259737341e+01    2.9813697747e+02   -3.0733229880e+01    1.3473492539e+01   -5.6589578737e+01    1.8678709023e+00    1.7007714709e+01    6.9807632464e+00    1.0195800000e+05    1.2351351027e+00    9.9744698946e-01
       178   -1.7259423072e+01    2.9812622961e+02   -3.0761168686e+01    1.3501745614e+01   -5.6671762727e+01    1.9004394914e+00    1.7029391304e+01    6.9807632464e+00    1.0195700000e+05    1.2293785258e+00    9.9746036159e-01
       179   -1.7257477282e+01    2.9805573080e+02   -3.0820520476e+01    1.3563043194e+01   -5.6727815639e+01    1.9067273890e+00    1.7019804528e+01    6.9807632464e+00    1.0179100000e+05    1.2665413391e+00    9.9735937907e-01
       180   -1.7251300023e+01    2.9784481740e+02   -3.0814037168e+01    1.3562737145e+01   -5.6695547296e+01    1.8933983609e+00    1.7007348521e+01    6.9807632464e+00    1.0192200000e+05    1.2433131497e+00    9.9723176439e-01
       181   -1.7257442042e+01    2.9808331683e+02   -3.0829530075e+01    1.3572088033e+01   -5.6748961613e+01    1.9083977619e+00    1.7030270529e+01    6.9807632464e+00    1.0200900000e+05    1.2347029725e+00    9.9731875201e-01
       182   -1.7262607518e+01    2.9822824970e+02   -3.0885336586e+01    1.3622729068e+01   -5.6838240132e+01    1.9166209690e+00    1.7055519330e+01    6.9807632464e+00    1.0191800000e+05    1.2306990693e+00    9.9737457108e-01
       183   -1.7260266372e+01    2.9815097143e+02   -3.0911261670e+01    1.3650995297e+01   -5.6865597218e+01    1.9239656052e+00    1.7049606697e+01    6.9807632464e+00    1.0181300000e+05    1.2392984791e+00    9.9742434790e-01
       184   -1.7260422204e+01    2.9815577785e+02   -3.0868768192e+01    1.3608345987e+01   -5.6782805200e+01    1.8852022700e+00    1.7048071491e+01    6.9807632464e+00    1.0172500000e+05    1.2277447481e+00    9.9747485612e-01
       185   -1.7257654817e+01    2.9806654049e+02   -3.0863274840e+01    1.3605620023e+01   -5.6719582436e+01    1.8325088033e+00    1.7043035547e+01    6.9807632464e+00    1.0189700000e+05    1.2325287493e+00    9.9738657258e-01
       186   -1.7257757397e+01    2.9806663991e+02   -3.0765518486e+01    1.3507761090e+01   -5.6645780768e+01    1.8600937107e+00    1.7039405325e+01    6.9807632464e+00    1.0187200000e+05    1.2279191401e+00    9.9737703277e-01
       187   -1.7266008769e+01    2.9834572110e+02   -3.0811354416e+01    1.3545345647e+01   -5.6718340223e+01    1.8709826891e+00    1.7055239871e+01    6.9807632464e+00    1.0187600000e+05    1.2434873601e+00    9.9743146255e-01
       188   -1.7259611351e+01    2.9813363084e+02   -3.0734639208e+01    1.3475027856e+01   -5.6651390383e+01    1.8679760058e+00    1.7068011923e+01    6.9807632464e+00    1.0217300000e+05    1.2289172021e+00    9.9745950026e-01
       189   -1.7259412217e+01    2.9813246454e+02   -3.0791620400e+01    1.3532208183e+01   -5.6654713729e+01    1.8199240120e+00    1.7062406071e+01    6.9807632464e+00    1.0232300000e+05    1.2897682183e+00    9.9733654612e-01
       190   -1.7257083282e+01    2.9807372973e+02   -3.0765917844e+01    1.3508834562e+01   -5.6687759168e+01    1.8850124890e+00    1.7056065588e+01    6.9807632464e+00    1.0236400000e+05    1.2547339924e+00    9.9743055179e-01
       191   -1.7256985212e+01    2.9804934472e+02   -3.0779632117e+01    1.3522646906e+01   -5.6776528575e+01    1.9641980095e+00    1.7051935202e+01    6.9807632464e+00    1.0243400000e+05    1.2482427196e+00    9.9749485145e-01
       192   -1.7259498428e+01    2.9812529520e+02   -3.0812277385e+01    1.3552778958e+01   -5.6756954070e+01    1.8996553030e+00    1.7064258135e+01    6.9807632464e+00    1.0233300000e+05    1.2357050596e+00    9.9745103477e-01
       193   -1.7261073468e+01    2.9819229057e+02   -3.0810264444e+01    1.3549190976e+01   -5.6796451571e+01    1.9446347789e+00    1.7060789102e+01    6.9807632464e+00    1.0227100000e+05    1.2340418539e+00    9.9731718488e-01
       194   -1.7260968890e+01    2.9816929948e+02   -3.0870580761e+01    1.3609611870e+01   -5.6830419600e+01    1.9290839432e+00    1.7049991650e+01    6.9807632464e+00    1.0228600000e+05    1.2385804216e+00    9.9733979372e-01
       195   -1.7256714269e+01    2.9803066678e+02   -3.0811028417e+01    1.3554314148e+01   -5.6646194434e+01    1.8358900069e+00    1.7018512763e+01    6.9807632464e+00    1.0212100000e+05    1.2386039690e+00    9.9738848609e-01
       196   -1.7258584929e+01    2.9809297492e+02   -3.0762414694e+01    1.3503829764e+01   -5.6622648072e+01    1.8808263913e+00    1.6998643740e+01    6.9807632464e+00    1.0199600000e+05    1.2429576771e+00    9.9746040419e-01
       197   -1.7255735806e+01    2.9799616651e+02   -3.0660582612e+01    1.3404846806e+01   -5.6541832278e+01    1.8859510265e+00    1.7014535394e+01    6.9807632464e+00    1.0200100000e+05    1.2353313468e+00    9.9747819973e-01
       198   -1.7252942939e+01    2.9789368220e+02   -3.0724213435e+01    1.3471270496e+01   -5.6622512664e+01    1.9031036068e+00    1.7014432376e+01    6.9807632464e+00    1.0205100000e+05    1.2406212297e+00    9.9740673298e-01
       199   -1.7257973387e+01    2.9807012063e+02   -3.0707509008e+01    1.3449535621e+01   -5.6621639482e+01    1.9200960795e+00    1.7013271148e+01    6.9807632464e+00    1.0209300000e+05    1.2766417155e+00    9.9745450610e-01
